29428	22
34961	379
15098	63
34961	313
18903	79
26435	56
4767	205
22882	143
34961	372
9931	283
19071	99
23258	93
33377	74
1697	205
6837	53
34501	157
25980	12
34437	62
3407	137
26570	254
28169	2
477	314
3858	18
8202	69
8832	378
15711	277
34999	292
1483	116
20952	84
3384	104
32622	372
6326	113
14474	235
29774	120
28354	41
3093	56
195	59
3205	93
2483	315
28932	254
3933	88
6363	79
27672	111
32711	2
11733	11
34501	111
4648	117
317	135
11275	120
3093	120
26570	326
29123	23
825	159
17439	213
2547	213
13907	15
24232	7
167	333
34613	124
29338	221
1273	100
2697	100
12982	133
32711	19
2649	306
32622	19
32524	159
2562	120
32033	19
28151	220
25070	40
19117	90
1793	228
4930	156
178	171
5274	7
33087	223
33217	221
4557	133
1661	146
5726	170
4930	17
11887	146
4079	83
2496	100
21442	227
11887	83
2654	100
34312	9
1301	83
11887	167
35729	129
20596	123
16687	251
11887	110
36927	116
11887	162
3247	117
32524	26
384	370
7033	4
22955	41
2562	111
21442	116
30193	79
18237	192
12118	18
2611	316
31030	15
5726	251
9102	198
32033	51
267	327
25354	105
21293	198
5726	152
24516	92
405	309
5510	64
1240	123
24895	300
9484	131
855	11
16445	96
28329	96
35217	167
352	124
18713	205
30533	7
9484	88
9429	50
35466	106
3078	94
15238	221
28274	27
37138	120
10220	315
28329	95
3081	68
4363	18
29499	211
5274	31
16445	41
33663	129
17488	41
16445	81
36712	51
15022	376
6157	260
32757	123
1689	126
1016	242
19056	90
33668	211
5948	261
26633	317
527	53
5477	143
1016	171
19734	95
15444	95
1820	372
5570	316
26633	58
2984	52
4194	139
35593	1
4590	150
1334	99
33635	149
27928	184
2984	170
20448	224
3603	261
1750	113
15338	170
21948	46
16732	138
9787	84
16732	18
1689	165
19988	133
11535	227
1247	217
20054	12
33635	147
16732	167
1875	18
13851	31
35593	84
16752	78
5477	226
11806	123
745	150
8767	85
21066	167
27917	58
33104	248
20045	78
2683	149
865	41
7231	100
21719	165
2496	111
1750	327
3226	51
7231	4
8131	33
1710	200
30418	36
23334	12
24345	223
3847	152
2683	152
11503	74
2493	7
17104	7
4590	95
10056	175
11503	180
14186	105
3994	254
25393	86
3885	4
2493	338
34445	89
27378	26
17903	84
19179	221
19306	88
2214	276
28986	199
4403	327
24393	316
16362	19
11326	120
21185	90
19306	138
13311	9
14799	121
12118	65
21185	271
17760	223
16006	27
1444	83
2173	26
19306	95
31900	69
21185	293
685	18
4831	95
23234	112
10956	201
4473	74
9203	16
4684	198
15185	58
29176	129
32294	129
2173	65
32086	31
317	315
35565	13
1364	33
36620	293
9235	337
4283	90
16963	93
20309	56
729	147
5703	84
3205	250
4933	49
702	221
2480	211
3933	261
2042	123
2902	264
3933	318
2215	9
2885	100
22159	43
22159	129
2305	49
460	152
2776	251
2392	113
479	211
1187	100
818	371
3572	301
10691	324
24857	378
1611	100
974	39
18594	3
29507	276
2493	18
19181	94
487	15
23597	83
4283	182
172	23
3072	329
172	270
4428	46
27835	59
18640	59
4118	13
3072	47
3439	213
17382	74
713	295
4735	147
2952	20
25301	328
1812	192
317	254
30422	349
1917	122
3217	104
5790	16
29787	25
1943	113
32456	129
1106	100
2921	71
4767	293
1943	123
4859	200
17831	43
2650	264
2855	221
2205	355
12501	71
1794	83
4222	117
35951	147
26515	120
4930	315
268	225
4950	387
3523	3
13133	39
1504	243
1504	107
22315	12
3294	161
36710	223
1070	154
4590	110
9497	234
36710	228
240	269
26735	331
3205	387
20832	252
4904	62
4227	65
5010	374
5488	69
3640	177
3640	213
26515	159
20949	387
2528	36
4822	41
4722	41
722	119
29340	391
29340	223
819	177
2528	406
36795	238
2173	227
974	129
2528	148
15269	156
405	91
5405	213
1010	187
1668	4
7208	81
3959	445
35613	324
22923	328
3273	374
37115	429
5226	3
570	123
897	123
4069	129
3974	55
1273	211
5922	10
830	250
4583	100
29542	113
32373	183
560	321
10175	301
8823	379
3632	381
3632	77
2769	254
31146	115
2034	201
5217	192
2883	205
15649	220
1235	29
23959	56
28088	328
2528	205
394	115
295	167
31334	405
9240	280
28483	130
15868	178
4210	239
28677	100
12724	108
32440	117
5270	123
13011	0
12724	90
5382	280
12969	62
2520	118
2020	51
20106	231
16442	65
5382	404
4930	170
3885	45
540	100
4586	68
15149	115
133	17
1215	64
1215	100
21013	11
26648	54
1528	7
3376	177
4950	362
1528	180
481	243
1528	120
32584	388
560	315
28151	156
20051	229
32584	243
1528	189
29060	138
17368	375
18176	90
423	355
390	65
5452	253
3673	181
1689	428
37067	43
729	93
1794	122
6736	209
4724	24
566	123
32513	59
1222	402
9680	241
9064	33
4998	225
32440	228
5235	528
2514	360
13040	15
5789	301
3933	325
225	440
3060	123
630	187
32584	254
30021	10
15012	178
4590	2
3877	2
3161	72
4561	116
5643	43
4730	378
35489	254
4763	252
31073	152
7542	119
5453	182
4930	528
5614	4
3322	53
10195	396
1773	221
22451	20
488	378
27113	85
15274	403
4737	69
2181	375
5726	452
4950	247
2493	115
33387	123
3249	317
20947	429
892	39
26332	177
7061	162
927	233
2656	119
32306	525
32260	418
2726	173
11861	252
3430	178
3005	16
18916	387
32584	116
5274	131
3411	123
1750	154
20269	546
4822	321
26601	404
2204	90
17767	528
29449	348
4379	25
31150	445
1711	391
7526	7
26601	220
10599	285
1737	381
1737	179
9650	452
1035	161
313	375
1873	254
892	147
20337	106
4205	222
1758	330
1011	123
27047	69
18916	525
421	13
14184	46
3237	396
838	35
17888	123
3409	147
31320	27
5360	461
2113	68
1750	4
2536	117
28552	12
32678	146
3881	32
18916	252
24783	20
30379	419
17808	527
5249	88
28611	396
28039	148
4157	392
2483	83
4157	169
2052	13
3470	32
21603	252
4222	62
861	163
10927	199
21096	17
2418	333
33593	250
5059	238
2780	196
4283	123
3736	328
11612	225
3670	188
11751	123
630	140
14753	370
30658	306
14753	183
18146	225
560	300
10753	69
12323	47
30942	254
4079	280
470	250
9194	388
34235	528
3124	321
4726	214
22592	252
13348	378
35156	152
690	173
14214	152
11277	332
7863	13
241	301
5267	47
15162	530
17766	328
2092	355
2064	584
4907	19
2093	120
488	103
5599	52
5599	96
2185	326
12436	213
6032	437
9437	19
2496	250
3360	208
2000	5
2000	10
4221	178
4590	148
32855	19
1192	409
1405	250
2654	423
669	319
4807	132
4239	69
1697	278
1702	117
13319	260
3706	120
30380	120
1774	32
5678	440
3708	19
17102	74
1118	105
3708	400
3708	69
29445	13
1118	40
3719	410
3708	83
4283	153
951	108
2370	387
2373	187
3039	517
4845	275
4135	179
2921	396
36337	315
5578	165
4640	16
27005	347
32584	398
1346	100
2962	281
32584	198
3178	78
4068	423
25915	276
35664	174
18861	211
1530	387
28586	396
4143	110
5803	328
2562	248
21968	123
5099	305
5058	540
16350	68
4887	4
13950	406
3526	120
3925	321
15220	259
830	92
4712	241
3205	381
2355	489
24589	517
4891	198
18136	163
10214	344
10214	230
11035	375
5262	209
2102	253
14399	118
5262	402
8780	25
1690	396
26242	385
3316	156
365	42
696	123
3703	321
18664	167
26378	34
4300	563
2921	4
34592	84
22279	361
2528	531
10739	428
507	92
23034	387
5181	45
4097	83
26932	153
3919	259
4531	570
2562	13
2295	140
459	32
17290	230
21197	513
3534	386
18412	2
5136	540
18412	189
3414	472
1770	425
5090	95
3547	351
3774	153
906	8
26552	123
11596	229
14508	241
32132	428
845	253
3226	151
2680	257
2855	20
1235	354
24217	211
3221	120
927	375
32684	228
23284	54
5606	337
1098	252
2817	533
1246	123
3616	116
1098	301
2492	213
32419	387
32289	423
5418	487
4797	211
10407	425
3841	324
1636	123
30949	402
10164	179
3436	192
4587	85
2033	540
4379	286
18776	551
3936	211
22221	396
1562	390
2187	160
13715	429
3878	123
5045	381
4950	499
13847	570
6432	321
13348	466
3205	563
4912	147
32584	131
14279	370
5654	179
4050	351
35869	121
4767	527
2064	394
26523	555
10198	600
3962	426
31179	258
3959	451
781	374
26523	409
488	10
1878	324
21216	134
23430	528
1685	13
34524	470
33831	549
1938	211
1758	37
4236	23
3078	168
4108	58
854	140
28998	47
470	427
23270	378
19724	332
3078	310
14753	242
4038	398
4041	585
14318	4
321	177
2143	116
10927	336
23351	390
32603	132
28732	514
1815	57
10175	338
2057	250
346	140
20188	174
470	174
2528	228
7970	192
28218	85
36226	83
696	326
4590	344
3428	321
491	328
1247	156
1569	228
1247	10
1569	96
1697	44
23629	80
1158	211
5696	296
2528	124
1694	51
3217	26
5183	313
10197	3
313	211
24021	517
31975	113
27652	527
7983	123
3217	656
18080	50
12147	189
24438	46
35087	426
18631	16
30905	49
30905	321
5702	526
1701	320
292	40
32584	39
30983	189
20374	34
8757	152
2355	585
3205	569
36835	94
1166	255
9200	49
32101	124
2215	184
21023	226
31975	226
1759	393
21023	4
32584	137
470	310
5013	17
8224	334
26910	66
2651	3
2102	250
31385	19
27536	55
22317	0
33319	81
243	161
1273	257
2182	113
5326	50
243	150
33319	16
2493	2
18052	249
19063	116
18412	502
3148	554
18412	100
285	11
265	399
2284	387
265	546
1952	141
2024	123
729	471
35769	100
300	532
35248	100
30077	278
30077	580
15362	538
289	363
9346	369
1569	526
4737	92
25187	180
21291	426
2998	395
4737	120
3547	328
25187	492
32868	513
12724	136
5227	526
5770	341
352	153
3032	513
8787	13
4363	409
3994	449
26960	321
31444	73
4568	51
33951	260
1016	394
4648	282
19549	126
4648	73
32586	11
18810	242
15820	223
1727	484
33951	156
3205	19
27623	404
4967	502
33951	4
23568	445
1569	375
4587	83
33951	69
13814	50
33951	198
33951	209
15407	327
29337	57
30327	223
18033	594
3355	87
35231	554
1365	65
2855	551
18033	227
5270	428
17728	169
30254	275
2393	59
34194	0
1435	225
30254	462
4748	264
29345	118
1051	34
17632	484
25581	532
9887	83
17632	201
6598	25
621	16
29345	406
25869	178
30740	378
10186	361
4590	9
10186	379
16299	94
5716	70
22112	12
5578	18
18655	402
30740	349
5777	113
2802	25
293	517
20987	496
4840	427
26658	467
4915	189
8511	146
8511	105
37073	386
1630	154
1630	235
22074	120
16354	123
961	335
4568	103
12878	20
11242	582
2143	282
2053	4
1345	65
12878	52
2473	4
24302	330
4304	433
2873	136
3994	15
873	472
481	528
4924	19
24099	116
4432	400
4432	402
5868	10
3594	471
5868	386
21612	500
4924	435
21044	644
4340	179
3205	293
4340	549
4924	433
4340	460
470	648
17191	192
3587	321
23614	123
16809	493
30026	497
1070	513
17313	431
10794	220
4205	538
16595	386
18528	26
34175	549
3435	386
5219	502
1070	431
2654	632
16595	603
2120	468
24733	682
352	477
847	431
847	375
2120	554
5374	371
3847	205
3847	320
3847	328
3885	600
31311	569
2528	85
3719	162
12446	599
4587	209
974	14
25959	178
31127	386
8646	328
24023	163
4930	162
2184	328
4767	224
1444	471
3483	140
4016	551
37131	644
22958	9
20105	536
17565	41
3265	187
3616	170
4968	452
12724	95
3384	314
3616	91
405	362
471	384
3217	610
5045	399
16891	438
30014	482
4079	79
5587	570
1345	120
1381	253
5587	540
36248	121
21836	140
27834	543
5209	238
18994	219
9828	41
2418	544
2514	172
4924	154
974	647
4134	213
1016	161
13538	587
30429	189
1282	431
9472	90
20387	561
1701	131
3736	565
2780	499
30304	113
4930	57
830	81
6813	196
10245	147
25818	632
4413	36
1025	123
7551	85
6478	268
1789	569
5649	282
4299	345
24790	240
11867	366
25570	374
21720	113
23928	644
2483	120
1276	123
13244	149
23928	589
352	569
20927	586
5209	250
2355	126
2309	321
17543	451
3078	612
22211	64
4767	168
24325	123
269	7
6208	153
5045	215
14291	21
873	85
24533	94
22211	112
5261	9
22211	181
20188	384
26460	343
5775	123
33988	13
26648	474
31573	105
33167	85
4235	123
3072	344
24057	484
1689	59
3432	32
2855	433
3072	257
5441	497
5360	505
3488	148
12926	254
1689	26
1444	179
2186	387
17210	333
15637	416
6813	505
558	13
530	360
6813	132
1870	253
1930	587
2344	587
21040	69
12744	572
10794	568
2355	83
2355	624
9189	49
2926	514
4915	314
9513	534
2227	123
974	607
4915	84
1345	493
5429	147
24533	396
18916	270
5659	94
4915	130
29249	140
16937	72
5045	537
13847	682
4497	35
5045	60
12852	395
17078	643
8759	386
5045	597
12852	309
317	15
2841	549
5045	515
236	477
5045	558
1312	66
4697	643
2184	400
4247	526
5013	420
752	463
2384	118
2654	397
31763	133
31763	123
2491	433
2094	381
3480	495
2392	4
6064	128
4476	230
3544	648
12808	179
2528	555
12808	307
2528	517
2528	118
23254	412
30254	160
1249	123
2732	682
29410	57
10611	328
20286	408
10611	333
19243	607
5459	426
4284	413
4699	648
29794	434
2582	390
5459	433
5459	428
4648	607
5108	161
16616	177
4311	608
3847	362
4311	147
18153	100
4018	550
20396	264
1179	402
2589	229
3078	512
1179	387
2514	690
4137	253
25727	644
2654	147
381	60
4910	257
3124	599
1794	5
21621	450
29900	347
2822	369
1368	81
3594	19
607	250
2826	0
3270	5
317	57
17205	131
3348	466
10186	550
4590	19
3105	387
17205	140
5341	123
28458	116
30049	738
4954	433
11538	507
95	705
4084	209
20238	5
26178	179
16793	541
5019	253
726	178
28863	99
16793	34
3885	59
14144	100
2493	100
24909	397
3514	222
8781	328
1388	647
20155	213
4484	53
352	387
393	281
489	630
393	321
5274	609
6823	226
3063	119
2841	566
1066	504
1066	625
2841	404
5453	178
5744	507
3426	395
1066	604
4570	253
1692	86
4648	419
3998	477
1731	140
1692	19
1692	168
19824	168
9697	607
2841	560
2790	226
26554	91
1066	192
2018	181
2018	400
2181	563
8243	94
5887	123
18403	482
18403	45
4464	705
18403	241
4922	387
31179	464
24533	381
560	0
560	542
18916	112
24287	127
8243	229
3642	137
24399	334
26306	168
8244	560
4158	213
5813	387
26275	568
151	69
29193	570
2736	79
3857	612
4359	170
269	36
5639	149
12423	62
29959	43
5219	116
835	253
3072	223
3719	586
925	152
3072	328
30088	385
31286	5
34175	184
1266	431
16813	83
3909	85
393	512
14148	241
3072	111
2025	432
5339	419
14148	188
4628	100
35891	229
3851	750
2513	529
17898	620
3847	69
5640	254
4936	395
34430	538
4936	9
21185	161
25187	687
9695	26
2647	259
5274	647
31393	599
3899	751
15510	65
21185	265
4108	17
5274	517
5725	304
5579	406
5459	514
1615	584
5084	705
12180	140
29782	698
4869	23
4063	679
6731	94
5084	219
4227	227
5635	178
11503	606
5038	73
2528	607
29693	523
29562	624
3420	497
4056	500
26918	16
31782	679
7507	113
12540	559
3909	449
35066	421
2530	15
5302	25
365	699
36278	95
2530	36
2450	139
2184	495
9986	270
29562	120
5219	179
2855	724
16940	113
836	187
3036	860
31974	508
29506	321
25357	692
4930	535
12248	19
31974	107
26456	22
18789	679
872	362
3205	0
269	94
352	213
2855	285
26456	259
33731	599
27741	355
27815	314
20188	94
2826	624
3719	214
2409	184
36964	230
18403	397
12374	123
5270	417
18403	75
2528	515
1273	574
18403	90
2528	100
1392	712
481	258
481	469
12862	20
15298	228
5108	510
12862	179
481	330
2245	213
3580	411
4779	16
7832	426
3058	100
3705	402
19771	6
27822	107
2824	333
27850	115
481	419
12862	132
12035	497
3273	488
15233	317
6791	85
12035	378
35307	152
13311	561
6791	23
5095	666
12035	264
2294	679
12035	77
5620	528
32681	118
5038	174
2480	33
2886	400
4283	345
21185	137
2133	168
21185	165
32687	643
4470	255
1749	84
2528	399
30267	113
481	594
31270	392
10538	680
32288	332
20421	4
34038	661
12997	149
28852	553
19377	120
167	579
1388	141
34830	651
4930	126
2924	264
4930	597
10835	440
4930	59
1794	230
1503	223
1437	514
19735	221
22149	346
4799	698
172	177
1427	721
1080	666
24180	140
19735	369
36618	139
26929	299
1491	510
1446	163
380	49
24405	113
20047	192
24180	543
32288	1
4018	682
34928	213
19735	373
25158	17
8143	140
2711	304
905	637
5202	110
1689	178
20786	662
5645	397
22470	554
36216	637
1689	751
3072	21
2514	458
4079	614
22149	103
3586	264
1597	10
355	666
289	105
2399	247
13766	395
11836	13
13766	487
11223	593
19994	340
289	156
289	121
30636	46
24147	100
20733	609
20733	431
20852	37
20852	170
2219	213
2055	126
3688	24
2923	69
595	611
3764	94
14420	29
24557	607
14420	65
30182	486
1449	698
31725	563
2649	264
20907	282
21023	254
27648	53
2120	634
4094	69
3294	5
3847	220
35840	418
33054	24
17548	250
33125	131
31304	562
17695	123
5534	445
4587	644
2859	440
2176	454
3463	184
5248	59
2384	511
28076	220
25872	656
2493	387
25872	240
28798	714
25872	576
5314	513
992	561
1809	616
2384	682
3847	397
29063	322
14980	84
2229	402
11970	530
30429	428
1056	19
3217	328
1443	505
5148	123
22102	5
2173	123
1443	646
19283	918
4822	642
733	16
481	418
10705	301
30029	198
172	468
4599	609
5605	420
1273	665
35962	477
5605	205
11442	69
5668	705
5477	13
32949	593
9784	79
3359	251
2518	91
26460	429
4233	322
29104	124
16252	745
29104	127
2855	430
20731	123
58	100
21596	378
29973	213
3880	113
3719	333
326	143
29104	254
2133	103
1345	638
1161	201
36123	326
13154	65
6488	631
4901	453
4419	10
28643	103
4565	480
4016	667
16311	100
3796	510
6777	211
12763	619
2571	699
2919	238
5109	328
36260	484
4870	512
28710	43
4870	834
28336	651
16078	229
3068	4
5045	570
3106	646
13557	355
10474	108
314	152
20852	918
2355	666
352	343
34929	94
117	490
6458	120
30135	384
1428	230
2648	56
24093	454
29741	396
20078	599
5716	608
18403	44
29133	638
4592	552
29106	56
1689	386
34524	120
2926	321
18403	34
18403	204
20574	918
3020	750
29106	75
5246	619
4895	147
2496	113
2855	128
15358	374
24093	56
28935	126
34424	699
2776	257
30495	280
1750	410
630	471
36101	115
3013	77
1045	213
21089	477
26267	374
14316	169
4275	54
5363	10
1470	917
11947	120
27479	259
12450	439
481	148
2823	725
2647	506
4586	665
2647	471
1594	573
1098	946
36101	68
33371	345
4587	328
481	406
9719	43
3837	357
23792	634
32024	100
2647	165
21185	23
35653	628
20069	617
12169	918
36101	262
36101	380
4924	231
27844	32
35495	30
1615	876
6939	94
5175	129
10690	299
16856	17
4890	148
36101	174
3742	100
5063	384
1615	69
32610	69
5782	49
1960	81
21442	875
4846	417
3217	28
5906	88
30878	45
2654	153
30878	249
13814	205
2130	196
2528	918
678	557
1444	120
8048	184
4924	644
1050	700
678	642
30361	380
4930	617
1960	257
4930	26
2355	549
19950	65
23904	409
23904	205
1689	71
1444	128
4930	119
33646	429
17776	119
15262	199
340	120
27415	496
2855	9
2150	316
25055	275
2150	877
4561	387
20582	562
25055	449
3909	120
25446	179
1975	459
2652	282
3931	630
6815	381
29436	36
2831	12
9738	415
14125	116
8018	56
3215	682
1714	667
16581	240
15987	55
4194	585
11947	159
4093	351
4273	351
25686	188
12542	85
167	387
873	660
17683	5
4937	918
460	411
21175	699
2921	280
25412	328
21442	880
15181	123
15987	507
9869	336
15987	168
35834	294
4930	34
12157	264
18549	230
27521	33
4475	669
15987	189
36130	174
35568	532
560	420
27521	100
2855	436
2855	546
1789	69
5224	69
3209	929
17737	388
12051	280
7231	80
15987	584
12944	45
15987	520
15987	409
27644	75
30657	140
3732	917
15380	915
11149	462
13312	71
13312	437
270	181
5791	424
3026	49
2363	69
2754	74
4635	389
4635	380
4383	109
4648	666
4383	374
33355	412
7381	891
825	253
2926	209
2528	83
32113	123
317	192
31546	44
36471	787
2841	188
22258	483
26886	787
4648	387
678	546
678	440
22455	337
35996	342
9598	471
2571	428
41	435
26106	48
5274	650
1750	669
1051	171
2496	157
460	148
26106	17
14004	462
4737	794
3616	54
3210	168
26106	25
3507	113
25055	405
1726	171
2849	123
1726	79
481	400
22847	25
3171	875
2932	451
6223	428
3933	530
1726	381
1726	120
4031	593
3171	449
27550	784
2491	701
25539	917
2484	429
2483	418
1245	243
18402	31
8518	400
5696	497
22682	337
22459	488
405	34
2895	328
5762	690
8518	585
3011	622
4937	939
2186	819
3822	254
8518	435
18753	111
28851	34
874	5
1694	427
1245	260
21681	51
9402	140
8221	178
37128	718
2933	385
4924	918
4352	563
5894	196
2496	268
678	463
4587	816
1705	439
8660	816
7821	169
10480	334
3239	123
4395	668
629	654
3906	66
25116	526
14949	723
25352	644
4985	754
2064	433
3083	404
4395	517
14114	140
3507	445
33378	318
6673	163
1615	18
7484	374
1615	884
3222	262
10665	150
4726	587
5403	939
2374	643
6673	335
5274	69
10417	475
1050	389
560	400
2872	211
29816	643
4930	647
5551	374
27180	571
3351	492
4603	328
29943	157
1204	727
3571	157
33583	786
7197	447
4930	242
1444	238
487	642
35819	254
12988	451
12988	278
5837	779
32503	179
7989	179
10012	418
2635	253
3571	459
32503	759
4930	198
33583	793
3847	326
1942	253
17861	227
29943	100
1444	759
1966	393
219	718
2514	10
2991	892
3207	658
10198	819
1199	328
18051	22
78	481
3305	264
20655	457
4386	567
19251	451
320	664
395	291
1156	147
14311	181
36703	896
2514	24
2762	156
32841	47
32108	31
78	476
16428	328
4016	317
28707	20
28532	503
3217	17
28532	317
28707	585
14154	339
1811	339
16428	120
10739	551
8123	750
7272	517
10739	387
5219	510
3699	69
360	698
3507	920
29042	620
258	643
733	409
19398	176
437	103
10739	125
733	428
4388	939
4199	4
258	83
10739	418
3066	864
24771	781
437	90
4333	819
29042	362
19398	94
3699	189
3699	184
25025	382
3699	324
1444	628
258	787
22883	811
10338	539
1917	929
2659	211
18728	100
14786	163
3039	100
35928	757
4322	100
7311	959
24701	734
7044	236
3933	843
6271	529
14876	840
21553	884
24233	279
6993	816
16311	586
2757	305
2341	628
34719	176
4930	10
4843	790
4883	421
28663	302
1582	212
15389	50
21553	718
1582	120
24701	821
29692	42
1750	439
32918	113
27606	881
8102	793
9810	931
12191	119
15358	743
31179	362
3222	137
1038	920
13489	463
10318	819
8102	757
22340	5
289	37
15167	917
23619	545
26783	510
481	253
3205	747
14345	11
8143	443
3222	505
2752	705
33659	276
14597	536
3080	644
21082	790
4767	784
37105	790
5274	65
4930	624
20574	759
20188	883
3408	211
340	314
29364	620
2020	811
1240	920
352	789
3481	84
707	816
542	816
30794	409
20574	782
3408	131
24646	230
7447	811
20188	671
30220	701
560	75
4930	112
560	529
33847	842
4930	146
1926	150
30794	470
6822	212
13354	212
13354	448
12921	129
9029	668
1634	369
70	497
8223	900
34148	141
26848	262
14002	427
8169	690
2493	722
33789	84
23960	728
35351	66
6064	228
13087	900
4587	780
33502	784
6976	249
2528	229
14002	536
31342	69
31342	782
16138	626
1651	123
21385	88
5294	776
21385	168
5294	790
5294	789
2491	793
15061	499
5294	757
4502	794
21216	66
1192	671
1823	809
3078	239
2493	242
31342	956
4124	90
4502	842
24388	112
36798	853
13980	231
4222	213
12512	65
6690	900
2115	170
22189	100
13770	100
12512	131
13803	321
3217	177
2819	498
501	10
5949	136
15705	421
17312	561
4401	215
24399	759
15142	69
16556	435
4582	950
12440	69
5294	853
2406	757
4283	654
3205	199
7500	780
11273	41
1199	255
4227	137
29403	668
4776	178
4730	811
16140	784
3845	816
2	585
4283	840
15029	612
3872	0
2749	139
29355	842
4758	163
2204	299
10515	481
3168	940
6345	326
3246	599
8300	783
3481	488
12131	940
5274	485
4283	591
15274	132
20504	9
14750	605
15274	779
31073	471
29364	853
2545	159
3857	909
8589	499
3671	794
14271	753
14271	734
1492	753
35485	753
4739	306
3434	613
32108	412
4197	867
37117	310
3058	840
35485	760
3857	782
26946	870
32108	435
10749	720
26810	59
6345	274
11708	811
22366	916
25554	31
8037	69
22923	296
5783	882
17449	0
4227	821
21926	310
3803	742
5108	578
34260	99
1689	676
31975	822
18218	0
5108	398
26709	524
21096	59
1947	868
801	276
5108	262
6829	756
7091	296
13613	495
18218	95
691	940
21047	842
5219	882
28626	816
390	612
1689	784
21350	865
21350	413
32667	705
2528	177
949	291
2287	291
352	112
2514	790
352	328
5351	958
1050	116
14842	540
17275	358
5766	385
13489	499
2885	254
561	254
5360	782
5791	119
3101	501
28083	178
4477	454
2649	118
4438	423
1683	790
32266	670
28222	816
1247	545
35634	255
2637	255
2649	41
2637	792
7406	816
9405	321
21185	503
5294	759
12622	17
21185	103
25474	267
2173	584
5294	640
7989	149
696	278
730	59
13049	69
9165	837
14642	898
4924	898
3205	254
4379	17
30733	255
17928	243
4379	667
737	161
3250	178
1166	219
30733	727
4351	123
2173	163
15918	451
432	612
21811	705
36179	891
36065	212
2845	164
21831	135
17949	756
32205	226
18639	45
12084	684
737	27
558	759
17949	794
558	284
3384	284
17949	657
25222	301
18639	790
17949	270
2496	248
2836	950
6263	71
2913	733
12788	581
1021	125
3039	882
34360	365
27275	915
34348	616
9598	423
6263	274
19515	179
34360	78
4789	791
2382	239
3039	801
21869	65
14889	231
2913	782
3021	8
4897	80
13959	150
3228	66
2508	190
1751	556
2706	932
6019	123
24284	666
17548	692
3850	825
5672	232
3607	44
405	104
9790	161
20169	105
4932	123
3005	680
13959	94
23686	316
4930	163
2279	557
2991	450
23291	795
1003	15
1750	671
22311	127
14786	83
5672	774
20509	81
23686	530
32578	404
4897	836
3384	787
20987	683
9332	502
32409	284
17181	453
2305	495
1433	403
4591	456
1433	577
2364	853
20509	952
27469	836
365	31
12062	441
2143	284
2649	628
2355	957
4915	626
1895	502
24054	74
16522	782
2196	818
1965	172
35435	710
16522	958
4888	66
33634	404
2509	710
27726	233
4496	113
13951	211
2355	245
560	254
5278	32
29614	506
16036	721
1228	605
3699	65
3894	664
340	125
173	918
4915	316
19260	100
3858	956
696	83
3570	159
25833	314
1995	683
2855	245
352	96
33583	710
33583	771
2406	756
729	516
5982	790
5530	759
26440	268
15363	268
9460	728
24643	175
696	357
34102	791
35547	131
17517	41
5195	818
5195	62
31453	62
5246	956
34226	865
696	399
31453	81
3073	321
28896	516
21716	687
1656	235
17517	727
1158	929
20639	152
36263	119
37048	205
31453	117
3005	123
1433	328
7484	516
3218	210
20574	423
1345	480
5900	254
31453	467
4283	768
26188	653
4562	113
646	152
33933	48
4737	785
2460	181
2460	48
646	782
27506	219
2460	620
3072	555
3200	759
16469	214
2514	930
12448	255
1054	585
29733	126
4745	519
26946	907
646	328
4737	192
1893	117
20207	123
30989	787
4823	322
738	365
492	767
4685	66
3384	175
33214	816
4708	59
25832	178
16931	495
22002	79
35506	9
646	948
1192	377
340	747
20114	818
4708	5
646	955
30365	581
33554	123
24776	94
1353	210
2919	669
2919	326
2841	800
700	898
35711	792
525	256
28266	918
27052	869
27052	758
4708	146
36971	120
525	115
3217	69
27123	301
757	786
5479	819
11614	315
18062	12
11812	171
2143	9
456	100
2647	816
5601	918
3111	644
2493	848
3111	131
34847	64
1192	178
20463	790
1247	4
272	871
8960	671
4908	789
34185	604
32985	505
4191	160
10739	782
2125	517
27052	819
3101	371
9767	376
352	821
2991	316
352	870
5045	771
15439	690
20277	757
4016	817
5215	78
352	40
2231	737
2479	585
17213	46
10739	583
2493	842
4590	818
1051	768
13489	32
2377	396
317	326
23744	502
10739	818
5692	790
294	113
12920	645
1444	292
892	778
2885	57
17949	778
1444	109
18342	818
21964	561
32802	767
17949	818
1444	140
4930	710
37117	768
17949	241
460	518
1076	312
695	794
5133	34
2679	818
33643	17
168	69
4590	782
1901	796
3773	898
4930	223
17949	891
12745	500
18565	85
825	59
4581	689
17949	755
16298	761
15736	340
5970	801
36283	190
20987	567
1639	319
13279	2
21117	100
2679	254
26267	371
32572	322
1133	310
1444	295
1076	2
3217	776
2885	780
5478	959
13957	254
31276	428
23400	734
6952	192
16512	819
14489	168
17683	417
25017	64
12580	12
17161	378
37048	423
32333	57
28528	684
25948	817
2528	243
18412	755
1247	503
1247	109
4537	794
2891	948
3014	243
23400	794
975	957
26901	766
13489	796
32190	844
18412	818
9598	506
1317	825
23487	16
2364	710
26901	707
32739	321
3713	394
29255	811
28528	786
1193	786
22671	888
3159	818
1247	801
30422	915
13489	789
13578	108
3713	509
18412	793
9598	543
29255	818
2913	818
5040	171
5360	771
3256	586
2418	758
10639	372
27736	582
3708	570
3719	843
1016	710
13557	131
3708	284
974	775
10639	373
13557	179
4550	230
20485	32
2811	389
15231	694
3384	221
1451	844
26133	682
2974	928
6153	15
4943	884
2418	696
3384	117
3008	189
2974	782
6223	888
13557	888
34063	321
31270	786
1282	760
5441	887
2033	710
34179	707
8444	812
4004	210
2483	85
2974	818
24125	580
3847	572
36190	917
2315	958
8072	100
33871	794
33205	790
2514	243
3847	978
127	113
13993	694
2483	917
3847	249
2776	421
4590	601
35338	67
4590	867
2913	853
2855	909
25032	748
5311	563
8372	210
13489	53
4311	713
2384	840
4933	878
4100	179
3769	697
5341	782
3205	853
3355	784
2528	595
699	255
5339	794
35919	41
1602	797
3078	18
5339	797
21150	123
34420	4
22271	900
15266	163
5341	818
22271	498
696	100
28716	602
9529	2
1827	100
26024	784
4930	298
4930	583
12540	206
4930	286
2826	707
3205	502
2855	69
22794	423
2406	599
16693	423
5687	187
4227	112
2143	156
4227	200
1372	801
4723	958
2143	955
3719	650
1236	851
2143	24
4723	254
29721	822
3983	118
16457	243
2818	13
1247	818
4073	354
3507	933
2528	953
2020	840
5086	449
16744	849
3066	908
36102	244
10243	90
2384	812
2493	809
560	954
2284	299
4172	553
1076	59
8000	417
6318	65
6318	842
505	324
9363	538
2530	787
30408	352
3346	146
20797	15
2493	817
6318	825
630	480
30134	956
33233	572
21968	100
1496	100
5618	843
36859	900
2910	517
7856	676
2809	620
18342	770
30429	737
6264	486
5045	951
2493	801
10744	385
11866	771
1273	699
2809	59
5274	100
34437	942
169	816
5218	818
5090	484
2572	787
27396	249
30429	508
1791	536
21289	241
2910	753
5218	917
23557	317
10744	79
10744	203
289	964
6918	785
33292	43
5218	251
1925	619
14479	868
8300	100
3664	917
24141	829
4304	920
2493	859
441	642
37105	799
13455	979
6121	376
1076	857
34350	692
30549	282
2496	885
17609	759
30771	802
32876	846
825	698
1076	161
30771	762
3933	710
1089	36
3354	893
30771	769
33843	771
218	119
4726	926
8221	529
3933	707
2558	919
37105	644
4863	129
3011	423
3763	304
441	856
22326	766
264	340
422	19
4670	857
5279	725
4094	943
3354	687
4822	994
11239	978
12306	65
1576	453
3820	757
317	768
781	239
5530	83
35958	246
1631	372
36101	784
30771	568
9350	755
13228	818
4982	65
26944	840
1499	11
15138	419
30771	716
735	818
881	71
15736	734
1944	660
18091	627
2044	321
2384	837
16400	627
551	120
1519	168
3592	210
10372	853
12327	808
2812	691
26401	853
1419	790
34324	735
14715	442
8372	516
24733	587
31302	724
25647	423
5464	818
551	883
32935	792
29675	512
3247	679
738	818
24496	958
365	69
26738	480
5045	956
3080	284
971	818
12327	158
3775	284
2528	385
30631	832
19185	854
11550	556
1193	649
289	732
22141	415
5045	168
910	843
365	929
2545	240
13744	870
21348	230
3847	952
3247	397
13744	623
13744	628
1163	324
16880	16
4299	120
16298	769
2921	662
352	14
2491	419
3335	187
3669	528
10971	586
4936	866
12429	586
1428	672
22295	90
161	338
2493	582
2528	917
12429	516
21712	159
4936	585
24849	117
3669	782
3355	794
2528	988
5298	141
5298	17
5274	885
3498	372
24956	710
3548	58
21442	861
31054	939
13489	194
4590	372
2399	51
24849	189
4299	898
9332	506
365	245
21442	862
10739	888
4736	846
5072	270
5640	717
5211	36
1689	981
36189	243
16869	656
5072	778
1689	808
5268	908
5045	264
2181	492
5391	918
3463	373
2461	796
18608	605
4253	184
19671	770
5729	770
3073	326
3885	792
3463	206
3463	721
3521	564
2036	844
6949	149
13326	19
34126	586
4533	780
2480	317
4486	814
23222	807
26436	161
5045	947
9643	211
2101	898
685	198
4590	881
2480	131
19724	143
1545	326
2181	801
4253	825
33376	642
4587	132
3648	90
3933	58
14296	982
5086	570
16457	644
2064	104
16040	767
12064	857
1784	790
16212	844
2496	799
2496	394
4669	780
13481	681
16769	570
460	26
30740	953
326	247
26324	123
5473	774
3616	988
30740	671
1987	771
23536	92
5045	0
3655	799
298	1005
30740	773
3136	590
3183	901
29503	81
3384	547
17762	786
1247	941
4555	869
4930	117
4624	857
1036	100
7021	213
24524	756
6121	7
30740	463
33012	815
13048	243
31323	872
2850	706
8836	879
33012	214
385	381
29367	716
2877	23
766	456
1019	178
8836	397
289	586
3064	334
4221	265
13048	758
24481	824
20594	586
31937	811
2776	384
34993	94
28623	32
616	291
3011	505
4979	160
6499	85
3011	605
3926	756
4590	242
21290	767
6499	735
4930	41
14750	793
6499	829
10665	901
16354	736
1750	126
12799	255
3294	423
4590	815
3858	71
18527	60
3058	171
17257	609
3962	811
892	131
17609	724
17609	716
3294	707
3205	140
3962	717
3858	372
34591	926
1444	243
678	511
4590	661
35793	480
2578	716
2173	794
1750	441
20987	395
1212	808
29041	120
5255	764
1872	32
29041	623
678	13
793	707
30337	199
1642	761
1212	784
29041	917
1212	780
678	44
678	566
13647	592
289	478
22500	778
2143	94
678	598
1750	212
3848	582
4590	375
678	477
289	799
4854	275
4635	449
2850	1
17949	901
1794	680
1844	841
3934	733
4670	917
20188	918
2200	129
4930	946
26918	452
4648	401
30043	328
2647	783
2846	782
3659	211
3069	480
313	738
4094	232
315	759
6839	400
3819	812
5726	576
2196	923
12919	441
1844	689
26758	123
1087	7
2615	343
1087	58
26643	475
4670	59
36429	79
3956	605
1796	819
2855	994
1796	251
8633	677
10605	120
1796	884
1794	915
2913	40
13899	13
1545	586
2186	740
1436	658
15572	19
3481	179
1436	769
2921	726
3481	149
4007	739
9042	914
1087	65
3481	26
2921	26
1744	689
11453	310
2364	685
15776	624
3847	408
20960	655
2798	707
21720	930
3355	265
15261	869
21044	672
1789	164
13899	10
23195	231
20960	227
8986	814
3828	317
2780	577
18611	739
340	914
4191	596
4651	744
2878	735
3355	94
3847	314
21720	41
11389	107
3429	19
35766	517
32760	799
3355	80
32596	1008
5178	682
557	324
5364	846
3014	192
2878	829
8531	868
2539	490
4362	265
340	559
4892	706
776	811
1227	767
13489	614
10735	947
181	254
33695	205
1169	190
1227	192
4651	651
5046	827
1050	943
15629	866
25964	821
470	480
16868	663
22238	685
25964	768
3393	819
32931	796
33125	410
18064	475
2855	964
2284	65
9606	69
2855	263
5268	235
1827	942
18064	366
269	153
9633	36
28483	157
1393	456
3698	302
873	790
11395	129
984	707
10417	639
3308	425
15931	17
5716	640
20796	516
20796	384
20796	494
5980	65
696	586
3681	274
28926	550
5726	322
7583	816
26907	754
3425	708
17949	663
21553	852
3858	110
33004	783
2997	178
3308	491
2186	255
19987	231
32499	529
33004	806
33004	753
2841	722
3638	811
2384	120
4886	869
2106	246
29158	494
6499	985
17548	158
19398	790
16199	268
30833	269
4128	246
14617	34
3261	100
35157	100
29317	322
2782	423
5531	154
6499	440
3943	596
2106	841
1070	831
3534	178
17548	60
11576	452
460	120
4128	748
24847	666
3849	761
12910	95
12910	85
676	516
32047	922
423	397
4187	629
11762	255
13007	658
13007	548
25843	898
1629	866
3205	179
25055	917
3205	26
3127	489
12910	203
12917	707
22120	804
15361	675
5824	943
1036	707
1042	599
3205	649
13007	84
17861	295
8170	282
16388	123
32252	576
997	184
4602	710
10100	254
23299	455
226	929
1697	112
2402	898
35231	927
3072	665
4270	772
3072	343
27606	805
2514	278
2492	979
5713	75
26384	145
10100	512
31279	883
2402	677
3994	378
3994	884
395	771
2402	255
8170	369
4108	544
33125	399
15220	149
2492	853
1795	853
3847	307
32191	686
32926	64
23299	56
2991	485
35400	763
2385	917
29471	167
5285	918
8633	112
521	900
878	246
29151	644
18828	5
20450	828
32059	655
2499	178
2910	868
2600	705
34976	637
290	353
14857	254
4205	712
14857	65
4086	570
2534	65
35400	853
290	685
4930	689
4924	912
26818	694
964	805
2991	797
3507	794
30001	353
4241	790
28005	759
242	899
34976	494
8633	758
505	755
3515	835
34524	355
14294	265
25818	794
3273	191
2855	866
4981	3
13899	918
22073	321
3885	291
2391	912
217	20
3885	889
1877	309
5723	233
6638	309
28982	639
8986	56
6084	857
29940	123
5537	123
217	653
6252	444
1689	704
2845	567
8528	206
2649	156
2528	427
3361	252
2845	646
386	291
25567	928
1119	253
2528	120
1345	910
23437	889
3223	276
588	295
5039	52
1051	70
592	69
33895	773
1750	919
4886	820
1051	148
3403	475
22339	500
1730	703
13467	319
3740	885
5040	840
8106	296
8836	398
2493	821
4946	498
13467	506
2181	195
10739	668
22455	683
23479	859
23479	376
15736	484
2418	431
6396	165
6396	75
2181	968
1579	172
10316	813
3247	835
291	15
2181	777
3847	922
352	83
15736	471
23273	888
998	332
2771	885
7173	65
3740	284
17516	384
29867	230
2712	210
3933	441
9690	806
12063	149
15532	31
2712	922
5866	823
24481	930
3901	376
3933	199
4732	123
297	707
3160	473
172	354
2855	161
24481	649
175	688
36407	899
3067	100
18800	625
3933	8
24481	109
25051	886
1036	710
29793	605
5620	916
27348	767
1600	864
3011	707
3217	522
1701	328
3170	213
33483	302
3005	13
24003	653
4487	253
31766	831
32341	456
1750	783
31766	246
36973	123
30121	282
3179	839
4648	161
4375	235
1600	893
269	179
5253	7
6815	443
22682	935
11318	910
754	979
17160	818
13647	810
18903	366
2776	408
2649	841
34850	625
35734	603
12722	886
17160	994
22173	806
36260	852
16090	387
1050	213
17160	946
3847	446
3205	1011
17160	794
2649	353
510	119
172	152
609	206
4886	312
20733	652
21078	145
35020	672
12051	993
14092	529
3347	300
31110	807
24378	963
31110	254
2459	59
7643	857
5453	872
3205	23
10859	372
630	853
3812	288
372	905
3160	889
28708	11
17912	226
20430	134
24378	749
352	655
3956	19
2759	470
3205	220
28149	213
3769	719
26992	840
26893	75
3885	1006
23273	885
32430	27
7173	981
5459	736
32430	90
7173	752
3460	369
17490	511
470	816
7173	892
4895	671
28876	830
3460	117
35928	861
3713	380
2611	401
1021	703
2110	439
9598	468
2991	758
3460	386
7173	904
9598	641
26893	814
36283	1003
16364	268
35137	654
2921	247
4079	594
26893	100
4425	190
3355	996
1885	744
460	103
23273	859
1689	255
3355	970
4656	618
23052	148
203	843
4363	372
32584	794
25352	815
2921	540
632	996
9784	367
4654	996
4931	718
33196	83
4930	980
1341	97
3346	830
1695	287
24783	446
5452	731
2826	898
33065	69
3653	112
2826	985
754	685
3989	957
5866	1012
2826	807
21681	195
8171	755
4930	667
2173	54
12985	709
3273	322
19063	132
1287	126
5691	841
1705	227
28179	284
1337	192
35648	899
20629	21
31278	15
4930	495
3740	768
4835	26
20169	175
823	826
1192	661
17124	120
37116	998
4930	480
1703	817
401	762
1733	317
4930	255
2841	866
1750	97
1733	228
3991	576
4930	628
9869	366
20169	509
3759	19
1383	151
20169	652
3926	65
14199	11
5459	78
26505	190
35664	75
3463	170
172	772
203	844
13036	213
2540	58
10373	100
313	303
1698	1010
28954	918
2514	1003
25737	471
1983	506
4897	991
28954	22
36583	343
35664	243
1030	640
28954	848
6987	3
2546	830
17037	619
25737	385
25378	179
8836	581
25787	7
1528	102
1245	214
30891	962
2879	736
37083	318
2573	1004
14190	899
21228	262
8000	605
17398	828
34524	763
3831	419
21228	80
560	724
3827	885
7180	121
348	841
22475	250
21609	371
348	855
5581	397
560	10
29458	772
7180	146
2528	246
34524	639
35188	146
25451	210
172	383
4930	551
1436	739
1045	988
2496	771
3616	784
1080	811
3719	1009
437	807
13980	941
3508	415
3273	36
5837	49
2921	736
34927	830
238	843
2846	755
3719	983
729	310
3598	588
3273	694
102	721
4307	787
1192	495
4425	168
437	71
3999	4
3719	877
12918	15
12248	823
3616	786
27454	94
14597	605
3719	884
5746	727
524	695
3769	855
9592	1003
4077	1003
16392	900
25056	924
2473	555
21327	603
14615	758
3571	195
32350	997
13744	665
21076	5
270	726
34032	749
32370	273
3504	274
2308	1002
1145	860
8401	33
16187	58
3830	135
5415	103
28606	199
5326	182
22072	762
24731	813
15736	314
32350	12
34160	138
914	377
2921	990
914	644
914	825
3168	977
36006	929
21327	553
32370	201
3568	933
2615	779
1750	889
3933	886
2491	850
956	2
10225	659
2766	588
6144	195
34120	961
26648	389
18565	139
5477	835
3205	884
3349	762
25055	194
5459	817
3834	200
172	148
172	793
956	947
29935	15
6966	771
892	621
3205	973
20645	982
23669	998
1573	723
3734	654
4108	710
22670	995
3072	696
4375	65
5129	265
662	988
2836	41
3853	653
6258	489
1245	850
2919	828
33234	353
33659	270
297	976
25268	703
2094	24
21511	888
3616	989
32198	1010
3072	203
21174	936
2836	184
6258	62
662	422
3355	960
352	934
30217	966
26590	934
4082	105
14580	1013
2094	794
12916	315
17757	830
1689	729
16963	596
2784	975
21174	823
20387	843
26590	530
36880	605
15198	811
6258	666
3072	917
21473	148
34729	296
11622	761
3616	147
2836	1005
4549	97
32191	17
4247	803
2560	211
4247	757
1701	263
33251	213
34440	874
3607	825
4434	1
5313	123
3330	321
5270	269
25176	920
2037	163
3607	807
15596	886
32496	1000
26601	811
19771	899
7500	291
24643	2
3424	918
4738	674
2683	915
4590	31
14903	999
5373	934
3847	853
1750	1001
25187	741
15198	564
4700	291
25882	248
3205	300
2993	241
29193	523
35487	26
25187	719
10931	585
2413	961
26924	4
26924	888
2493	65
3205	783
10778	702
3847	967
3592	619
25187	370
3118	444
2514	206
5274	708
36337	364
2366	946
19194	684
30091	986
26601	418
1141	915
3933	673
1750	460
11936	592
13980	627
27398	1010
21017	271
724	987
5459	184
7967	925
21693	104
16315	303
36337	480
32922	935
9245	295
3729	300
13980	878
4893	736
26601	401
21017	649
2700	798
1732	15
34489	755
2366	419
4283	807
27398	902
481	666
481	705
2698	689
685	65
5339	179
22383	123
10808	213
10739	55
1810	755
6774	100
476	698
13451	889
13451	986
23677	884
1810	934
14476	123
3151	97
6774	549
20513	162
4108	452
26356	947
5907	123
14146	36
19846	19
26267	592
4392	853
11753	981
32623	986
2143	195
21480	898
7001	913
26903	243
16682	21
16925	977
3926	217
17282	123
26572	353
30061	376
10175	861
1403	807
1152	924
14263	102
32575	13
8143	54
8143	174
27171	885
26821	732
22147	843
3150	190
16576	14
4727	918
4425	817
27679	828
26903	279
8143	925
11793	707
2357	227
6499	419
5899	917
2240	297
34366	284
1806	977
19868	861
15370	65
4097	59
4425	353
2528	451
269	619
7761	59
2826	943
269	20
3523	492
12007	870
28148	123
2826	639
692	211
12007	902
9414	190
410	989
632	192
4930	852
11007	986
35592	213
5757	199
2023	544
2357	471
13113	652
4097	885
881	768
9414	806
35867	246
881	7
4425	983
12007	983
3607	334
18159	100
33429	919
19495	883
4976	659
8058	844
2357	604
692	934
19002	531
2023	529
33044	384
19419	477
27752	922
9682	422
4823	849
14671	119
15203	625
2514	813
7545	242
18709	146
1105	940
29146	134
4851	66
6940	521
6940	247
3045	299
33716	11
5959	398
28772	899
29146	586
3538	811
18916	502
10950	65
30230	213
30268	213
4590	838
4634	29
3384	405
20733	807
11238	477
4425	581
2780	712
4634	141
5830	510
18916	333
36540	888
2493	934
11396	949
4222	898
4590	616
5798	284
1722	771
25055	513
2780	407
11396	598
10613	206
1444	193
28773	1010
3384	404
35065	540
37137	761
29146	513
672	464
4823	947
23487	17
3763	779
3384	85
18916	398
198	9
22280	837
5251	16
2184	816
22280	794
25808	385
3481	794
5510	103
1317	816
460	174
34772	385
2528	314
23305	650
36675	872
630	929
1967	600
4924	79
15220	843
22280	23
1750	553
26470	153
3384	449
3763	484
3769	10
3523	10
1104	10
3481	59
1983	54
2919	877
17124	543
5510	52
4930	543
2826	26
2064	481
3693	264
2826	48
1098	147
4739	19
2528	662
1098	163
18016	568
4096	345
2855	163
3533	225
18916	391
365	391
1750	615
3205	126
2855	126
21659	187
4587	324
3652	823
2184	567
4924	128
9911	177
27013	877
3827	265
290	224
470	224
3481	328
2284	12
2064	12
5349	159
1794	314
4594	250
1750	826
2493	540
22280	759
2202	652
4930	431
2919	633
5245	633
28855	799
1537	606
19002	432
19098	4
14157	745
3384	470
1689	103
22798	245
1983	146
3481	120
297	898
530	384
12124	140
1247	140
35382	607
2855	192
559	199
974	123
5510	234
12124	965
4587	96
13062	918
3384	230
2493	118
2653	942
34772	384
3971	384
2493	41
30405	195
3603	322
22231	703
5644	806
384	280
20343	927
1750	722
5306	167
5326	6
3351	249
31464	249
9828	440
1689	396
18479	703
24579	74
3971	492
9114	556
33740	828
1794	51
4403	442
1573	619
2402	619
14509	209
2493	508
4648	59
5568	655
3481	809
3384	184
5605	59
5853	117
13850	164
370	74
3217	395
14509	179
2284	89
3384	395
3877	853
3468	389
4966	747
22820	823
13062	353
26001	293
13062	317
560	317
12287	815
2826	5
2493	609
352	509
4205	394
22798	1000
30365	480
19251	651
696	618
2921	811
3468	48
26627	264
34194	401
2926	666
11076	456
1076	264
2528	841
2921	963
470	15
19251	99
27203	694
11818	774
3208	13
5691	124
3057	727
26049	113
17548	220
13062	870
17548	862
5723	1
269	4
2493	4
1483	584
2921	200
3933	627
3468	627
17548	385
4593	328
26627	598
3698	255
8244	960
560	100
3933	506
4590	541
2353	540
1492	243
7899	980
3909	238
3847	165
1247	316
1247	249
15843	163
15258	994
26627	907
22224	917
2173	593
17548	428
1152	276
2654	427
7899	898
352	901
2173	113
4590	34
221	176
2840	108
35704	864
5620	66
22820	840
4079	96
2629	343
2855	878
3468	26
3877	12
1345	485
1794	148
3245	820
2573	159
4576	842
1368	315
2855	120
2855	884
2840	884
26627	663
5691	55
18916	632
5570	680
1241	55
13062	837
2184	25
3933	515
2143	918
2841	501
815	152
22798	525
3933	472
1794	2
4648	669
11076	693
1368	703
2841	423
3205	69
19251	84
8369	69
34194	522
11076	687
19002	215
3226	384
2841	384
20546	919
13162	986
3734	25
793	691
2926	16
27124	546
24624	986
2845	64
4205	69
1245	654
13162	888
5790	378
1192	203
3972	328
5387	102
5726	945
1231	22
2926	315
2649	472
29615	228
352	95
2845	96
14509	529
586	94
5874	956
7272	1
4587	383
352	262
10959	480
352	103
4741	682
2729	458
4222	707
28623	707
19251	377
4895	62
1789	315
3205	398
4590	81
4915	669
25808	464
2991	652
8244	716
10704	517
35694	517
30877	385
297	205
15706	449
4889	376
2215	376
1487	376
2776	816
13556	984
4283	61
35694	355
5274	545
7272	482
33049	500
5059	33
30877	427
1247	553
2850	717
1647	593
32712	284
5059	10
3351	20
23478	652
29615	943
27301	10
3384	10
1279	723
32855	825
33795	825
5853	69
4648	100
2362	396
1789	896
297	151
32108	540
587	887
31879	598
3067	759
352	555
10359	310
10359	242
4363	255
7272	784
4775	817
2855	405
405	918
23351	978
28876	463
2926	314
3205	342
3351	35
1107	35
3351	820
2817	274
1689	5
2215	296
4775	159
23478	99
1444	409
481	774
2926	159
1036	5
15706	767
3205	481
4222	620
13556	849
3885	620
733	5
30458	83
2845	647
1192	890
2780	511
1076	613
2104	498
2850	485
4108	125
1345	178
1166	637
352	19
1519	48
1054	811
5270	195
2384	708
2926	41
3933	41
1030	312
4915	856
27301	835
4956	231
2371	41
2371	296
352	94
3847	369
1245	444
2360	32
270	866
26934	583
2780	554
2991	532
2215	65
1301	666
3072	666
4222	184
26692	232
18916	65
3331	481
2362	317
7337	976
3215	589
35417	223
3885	734
3217	734
10959	297
33049	440
25808	249
4930	37
5251	700
32108	826
4222	857
1245	917
4222	917
2926	510
974	183
4930	701
3351	141
21085	784
2493	75
2991	870
5853	685
4930	25
2855	719
4222	586
3205	149
18482	930
20572	361
35694	567
3933	149
507	918
11872	404
4211	302
23213	302
3420	456
3340	559
4205	406
31331	363
2173	973
4360	151
3359	671
25037	622
18709	599
26460	528
25037	898
4211	317
2600	304
1750	245
3931	843
26460	241
27987	108
16869	81
1305	738
32059	69
335	363
5245	528
33125	317
2082	669
2850	669
4594	449
2620	199
2623	381
3961	652
27620	449
2863	74
2082	800
30470	811
25037	869
4283	811
1545	552
4419	165
5898	809
4222	809
1701	811
23110	511
4419	172
3470	96
11947	820
392	794
458	32
16576	75
3344	65
3217	159
2173	912
23213	65
26460	801
21197	106
14265	907
5377	427
5377	409
11870	989
1428	836
1470	613
3847	790
22030	229
22030	979
1831	1010
4222	148
12124	790
18709	881
5338	905
5463	94
1382	525
384	100
365	525
1418	115
1368	243
1647	369
8134	171
2173	521
3184	620
16576	620
4222	478
3470	376
26460	638
23789	638
8836	888
1098	85
878	996
2204	766
5605	428
2082	55
21197	804
35861	101
17124	765
3384	174
4205	385
5521	10
2493	10
32885	605
21216	394
5045	916
3858	181
22738	123
5095	123
3769	754
4930	270
4736	123
3708	916
3769	668
19251	816
2620	793
1831	921
3294	244
4283	884
3769	858
3603	364
3745	816
1487	59
2173	953
3858	22
1537	877
5338	61
3652	150
7679	326
7679	767
3319	950
384	147
22549	659
460	787
36255	223
3603	446
10909	807
2850	885
2514	328
23478	659
5338	84
8646	856
34268	98
2082	784
352	177
2082	312
15220	883
5326	215
2204	255
18709	880
5599	193
2204	54
14613	138
289	19
10633	813
5332	421
26460	867
927	153
4648	642
2652	721
10961	89
1098	149
17124	878
8794	760
34700	737
1098	917
1750	759
4419	214
3078	19
22549	195
452	939
14613	807
5332	307
1530	12
5744	706
27620	644
10633	706
1789	510
4164	284
22205	849
23351	1002
15910	318
23652	99
2921	99
14491	650
2984	914
2285	264
21085	245
5274	480
1212	790
15572	140
