28833	816
9614	135
8137	739
22175	553
30199	306
2125	347
20778	846
34453	750
3206	7
13062	327
5620	312
22980	311
25222	137
30199	188
30199	12
2841	833
7899	939
20752	137
2841	669
20778	298
8137	886
5274	298
18387	886
5696	288
30877	149
1054	149
6105	998
15220	968
6105	150
23478	268
15220	754
35417	295
25718	25
30877	4
28873	831
16043	819
2125	787
3417	180
21787	779
3969	957
2841	689
22980	286
20778	922
6869	934
22980	30
21787	765
22739	938
30797	327
2817	244
6053	866
3154	260
8244	154
20343	761
1388	66
30797	141
3592	887
270	948
8914	866
16532	796
270	1005
14605	59
7048	373
26934	887
2826	938
12124	249
8914	83
6742	83
26460	969
32907	809
30797	969
16532	986
18337	283
1945	25
11338	806
30429	196
11208	197
16532	881
17392	931
7447	311
10338	36
27960	36
8646	880
1345	880
33108	730
26934	15
7447	686
8646	620
17124	905
17124	788
1604	23
16532	770
32907	940
22739	666
15220	317
30009	253
29355	958
16532	803
7048	726
17124	893
22280	127
17124	836
2143	407
270	928
12124	846
26934	263
8274	263
14427	580
11730	846
460	1011
31985	21
3592	878
18337	845
8914	765
4524	614
3389	878
34194	831
2143	770
14786	864
2563	150
5570	165
3389	887
13329	846
392	253
18916	248
3404	243
5274	133
7133	968
2370	887
26460	61
32020	817
8724	252
5168	286
21085	765
9602	845
15220	213
7133	927
25808	833
12653	209
26934	980
2143	937
18916	739
2370	868
21216	83
11208	32
10514	986
25538	311
1701	25
2841	36
12791	750
25808	300
3319	928
1750	317
24162	276
21085	83
8646	311
19492	83
8001	311
9983	740
352	311
3319	880
27124	631
14469	726
1750	75
8646	845
18882	15
12791	845
26744	709
19492	935
8439	260
2655	271
36534	708
23063	123
18882	20
3319	686
18916	847
2790	227
32108	686
3319	678
18250	278
28458	736
3355	140
19492	974
4895	176
3417	796
384	787
33622	123
25964	963
8439	880
20949	937
22653	166
30797	880
20778	244
23064	220
20949	592
20949	84
3416	776
18916	353
4590	963
3080	1010
20949	427
16870	770
20725	340
20843	1011
7679	456
28566	298
20381	584
21787	652
2483	686
13023	22
30797	883
23789	260
3597	761
21014	14
16869	152
8001	969
2921	27
4429	19
2528	150
4429	832
7048	689
8899	241
27222	163
28566	18
33362	251
234	919
20778	919
33168	185
24664	816
26758	196
35664	905
12403	583
26758	98
23478	497
15198	928
23478	513
15198	168
28566	928
28566	880
6105	808
23852	572
21871	189
7048	993
21877	269
2934	880
20778	880
1060	883
28566	962
21877	277
27786	915
12403	642
352	4
19251	355
12403	978
32108	878
23351	373
5330	580
27124	4
24664	188
13616	171
384	878
32524	211
23478	25
9490	844
3506	277
7915	169
30429	314
14672	938
7272	965
9490	963
17357	753
30797	288
34194	973
34019	879
7272	754
17357	232
7995	974
2638	760
30429	251
32059	209
11792	598
32059	152
2941	937
32852	113
18916	581
1433	88
8345	140
14613	738
23351	4
3984	684
5742	286
34019	887
297	761
2291	17
32059	180
24041	120
13326	284
26934	922
28876	293
12922	152
24268	965
32978	28
22062	753
14786	180
9547	846
3154	26
2447	615
5696	742
1042	162
7875	161
5696	327
7875	25
31708	123
21216	100
18348	288
36924	758
36924	4
4501	265
36924	801
13901	178
13602	75
12907	880
6786	928
36304	178
32907	929
1036	282
24242	251
6105	213
21216	148
26934	266
9470	666
352	131
28665	638
1245	23
21085	754
30797	2
11295	251
3366	378
8602	60
25990	271
10308	378
24399	314
7272	928
24399	974
12124	776
3366	934
34019	39
974	254
18695	100
34906	881
7545	129
26460	894
9060	908
29406	761
1788	806
1444	880
8143	745
8027	910
7545	48
1573	157
30547	268
1616	935
1573	883
3205	759
1875	152
13137	96
21787	284
32907	883
1573	957
36194	50
2528	853
3995	866
2347	804
1789	754
14765	209
17548	69
1243	230
4590	120
21787	763
15178	19
34834	60
5108	63
35200	767
26882	979
10749	247
11076	45
10192	769
27960	54
4820	157
34834	127
11076	273
22812	181
29437	912
21708	326
35200	583
35200	752
26692	879
36288	853
14773	758
21708	116
36422	178
34834	972
22884	195
24430	288
12468	293
4590	434
2388	254
23990	222
20949	108
7826	25
20949	110
31879	775
33574	326
20949	167
33574	850
18916	309
9345	979
31184	36
18916	168
24245	286
4988	899
11568	201
14205	672
14205	939
24574	939
19942	282
4930	327
4823	62
4930	96
5453	427
26758	750
25116	928
4951	768
1530	26
19942	328
10245	293
4648	724
2181	13
8979	568
18916	580
9427	934
3205	719
11076	1010
32020	299
18916	199
18916	452
13026	223
5595	159
10065	714
8553	861
10065	639
11076	209
3205	4
12215	790
18916	278
11361	846
33592	19
30087	10
4984	240
3073	25
26705	918
7266	177
15406	131
4895	65
384	677
1079	754
15406	487
17451	929
32837	250
35501	861
2991	225
15557	689
15406	477
7644	928
2204	708
13162	689
15406	642
2335	254
4590	929
30162	761
23652	33
22183	1010
5933	230
35417	162
4895	23
22183	730
35417	880
31353	583
23990	37
4222	881
4561	121
23990	777
35417	180
1689	143
1689	875
30162	298
5933	754
1026	928
2528	934
18834	251
22183	857
19251	56
35250	273
401	880
1278	146
4240	863
25985	99
4295	212
27124	58
12911	100
26862	25
4280	754
31549	754
4240	866
30227	310
7048	937
5477	132
4924	584
18916	831
1962	293
23181	769
5477	272
2855	750
4259	929
27295	119
22147	805
3470	974
4304	868
7595	211
10338	981
10338	996
31584	254
19251	988
20633	276
2528	846
560	936
352	55
3592	48
14613	278
4793	168
4319	846
6568	689
4198	211
11208	85
23681	161
606	909
25314	169
15094	188
32059	240
7272	33
4038	429
4038	243
18498	845
606	581
4628	817
2493	857
11658	807
28502	25
31584	796
28502	96
13450	312
606	534
14226	213
8954	40
7272	137
4052	118
31444	761
4590	244
878	148
2685	754
317	761
8880	209
3080	768
19540	911
11443	940
11159	923
2483	784
8880	817
31871	58
11126	36
11976	154
22280	120
36077	143
22590	759
21478	373
999	765
8400	866
1680	22
27810	314
3902	314
1680	20
32108	750
5274	79
36424	995
2545	19
21216	698
23789	918
22183	787
24217	666
25837	796
23478	805
13062	147
30032	926
733	644
2018	203
2018	168
8244	861
8244	962
19108	66
13062	146
8244	170
2018	60
5274	146
6472	937
12573	819
733	214
1614	863
2018	52
13062	53
5853	18
31763	220
22723	20
27159	995
26744	907
6301	923
5281	583
26758	159
28799	988
5745	777
32020	836
22723	372
2749	726
26758	250
2780	113
6301	666
23478	766
28876	102
6341	984
7906	298
5281	652
30901	187
2082	962
26934	242
2683	943
31763	156
8784	116
4168	178
16641	246
18916	937
19009	129
18665	73
27124	288
28520	15
9029	66
405	253
578	754
2991	66
18916	787
7826	123
36216	805
2545	460
21877	226
15220	1011
17236	899
29496	452
28520	18
14675	126
8274	25
29694	328
24399	143
34194	241
29789	907
18916	146
5553	861
290	237
929	802
22213	896
12124	793
13165	885
821	223
16668	66
4895	450
10332	790
20885	244
2153	324
4379	979
12124	319
23351	347
1195	79
821	754
13165	188
20933	188
14357	934
15992	956
17124	45
2552	253
14715	40
22739	1010
10662	918
1050	132
25116	189
7679	891
36099	230
6269	807
29440	223
547	845
11531	434
23992	249
19649	620
4966	693
21014	910
19649	149
19649	754
14715	503
1050	885
22803	184
10527	196
10338	770
19649	922
19649	161
21216	90
19251	937
2033	967
19251	845
4604	686
17124	173
8143	96
33446	709
33343	853
13249	135
13249	896
17124	866
18709	20
13162	817
17046	199
35575	25
13249	961
13162	273
8143	992
13405	168
17981	107
26816	152
3877	57
17124	773
18709	272
33343	259
14436	871
18250	234
4604	19
17124	998
11658	760
29541	311
32907	103
18641	866
18184	777
10245	385
18641	241
36362	298
8015	129
332	758
26816	249
1781	460
25949	499
22280	620
18641	19
1523	4
36263	60
18114	213
1345	293
29706	996
2610	131
27872	917
5368	528
28623	260
18514	66
31879	254
1345	26
9124	109
30429	754
3885	48
26692	896
21787	77
1345	831
28623	831
25840	832
4108	754
34525	769
13405	193
8646	850
5047	926
26460	928
1794	42
14509	754
1093	301
14978	935
12915	172
34194	40
16327	919
26049	228
15924	907
19692	750
36263	153
11208	866
2817	765
2934	962
674	979
5722	23
1794	47
32862	832
34194	823
2934	696
3291	101
5047	787
25510	968
3817	52
16354	25
19251	881
28439	140
18916	666
20286	28
1940	936
21419	13
30429	75
36597	908
20286	273
27786	836
20286	527
24574	659
15159	1010
26386	929
3768	846
4767	208
14509	1011
26736	929
4767	55
1070	592
7272	923
4001	90
5060	907
31448	934
5443	57
13575	99
32654	881
4895	836
12171	680
3384	937
31134	667
21468	61
25768	253
21790	965
34147	760
14	169
8646	171
3481	161
25116	313
8143	755
4108	698
31448	298
16389	214
2064	167
36933	184
3481	832
9728	120
352	984
2493	883
22682	282
21877	764
269	883
10909	752
5239	831
30277	172
15782	811
32862	891
19251	883
5239	26
27030	328
269	940
34194	56
8143	244
29948	620
4855	23
31879	278
8143	130
2649	225
22676	120
31879	847
26758	244
7447	148
31879	991
36534	456
36534	520
8841	347
18412	8
19251	63
11644	761
20343	754
32108	689
4304	239
36534	701
6786	252
7447	846
2649	623
27417	282
32108	993
12089	84
21398	322
19251	376
13801	101
28261	90
12124	61
816	765
11822	326
27484	845
17223	162
976	214
28566	157
35288	168
31879	151
15331	196
560	769
4139	816
19251	754
27484	311
31879	79
33696	14
352	884
4098	665
17530	96
4736	179
11201	808
27688	752
11947	44
1306	123
32108	1010
31879	143
1003	168
27124	136
7888	150
17689	866
26758	170
27251	620
21680	460
3046	891
26758	996
3437	996
3247	858
32108	44
3346	796
3587	984
18200	846
30429	207
30741	368
8143	666
22739	108
2143	184
24807	345
20017	15
15698	15
25808	237
318	978
14863	118
11588	10
19555	220
32108	979
1701	416
18527	128
595	156
267	767
26758	754
13162	754
4590	153
4930	60
7447	353
11556	123
25247	918
1750	918
35576	123
26003	147
4930	95
2654	962
32059	910
1247	238
22881	53
21216	947
33840	947
4980	147
16792	273
7272	48
10245	276
28876	396
15698	899
7272	54
14786	137
2826	928
1689	817
4038	52
25315	293
1273	214
9515	911
15568	883
2483	109
1860	918
2826	19
4038	754
11642	123
2654	123
33910	80
3481	100
2284	248
8646	846
12907	276
7899	9
18016	898
12907	23
29369	754
18016	510
18016	441
7679	199
16860	252
10888	802
3847	667
5274	831
36307	123
6522	123
3301	792
22798	142
33124	787
2514	988
15464	584
3301	57
23349	85
297	146
3301	154
10460	59
28566	882
10460	70
560	209
2442	25
2082	135
30405	709
10460	863
27124	498
5477	938
13162	254
3827	957
15198	162
4113	293
352	754
33501	120
15220	237
21787	79
10460	961
26743	293
21332	866
196	229
8646	265
12925	123
2493	928
196	282
2392	775
7440	666
2392	823
20254	252
32433	831
33431	807
24691	929
4799	253
33431	938
196	188
12374	908
31879	1
5274	918
15220	929
22807	120
35043	25
4530	250
35704	846
2402	230
1730	168
18916	756
3392	452
2605	1001
4789	147
20038	177
16085	709
8914	2
4530	153
21787	762
3392	754
4789	853
1236	477
22807	995
696	70
18834	995
25956	144
25757	315
18239	199
21787	581
26139	922
18916	101
2451	452
12914	246
15472	15
733	244
13062	322
1545	120
2483	9
4400	19
23782	888
2528	19
8158	140
28876	244
34952	70
5339	59
31571	223
3065	123
14509	153
7679	241
2884	3
23478	120
7272	184
819	848
32020	864
34737	962
15150	19
35417	143
34737	175
2204	30
21787	58
15458	298
15220	144
35417	155
17124	875
987	996
10086	1010
15150	100
21758	241
15220	230
22312	340
6833	608
3676	754
34737	244
23351	159
5070	995
1670	55
18834	237
6833	89
15150	28
17124	126
35417	258
22312	609
15150	272
27124	311
35058	48
27124	416
7826	12
7272	172
2780	796
32108	150
8244	162
8489	120
36094	120
12791	52
14509	460
3259	814
595	941
527	915
12328	47
18916	277
8914	963
33709	249
10828	10
14509	1007
3707	181
28407	866
3124	119
5494	147
4105	69
28180	277
16354	918
10976	247
7679	19
2795	167
18269	165
21216	720
1546	169
5045	1006
297	266
2790	100
31075	1010
4648	84
2907	276
524	857
3524	973
24890	230
2876	1
34527	959
34527	954
3038	512
30797	853
2368	254
12791	254
793	922
27124	286
21607	168
10959	58
22798	620
7899	216
201	32
878	907
34493	992
2926	100
3205	181
31075	918
3205	116
7726	231
7899	309
16869	247
5084	926
4427	213
3355	181
2700	322
3205	241
7899	938
1992	241
2496	934
15220	979
34493	806
4079	237
2493	787
1992	162
31879	937
4978	805
3080	974
14446	264
36094	510
31879	251
3080	972
4094	770
23990	47
4800	988
261	866
36912	84
5690	891
5690	527
3019	173
36263	282
1345	25
2876	314
11947	962
2841	795
2841	150
22218	219
2458	100
673	123
550	918
18250	53
18250	146
36075	120
36075	918
8646	268
16869	104
16869	27
8646	698
3933	30
13441	230
878	44
3806	280
3806	375
1002	730
3719	19
31448	891
35489	147
14436	936
34194	907
29980	118
29980	680
13134	1006
15571	77
3412	26
5874	846
2664	254
2664	796
4590	313
18916	138
3991	117
28520	929
545	754
24706	710
14261	296
1750	143
3186	754
167	149
22902	37
5691	1001
26692	300
6742	71
10021	848
18184	1006
4655	884
10976	223
1317	181
2354	727
35417	816
20778	211
1705	165
36263	25
18916	311
18916	846
32108	891
16176	396
29210	258
30429	937
30429	846
22183	729
14786	66
22723	912
23478	56
23478	13
23478	15
800	956
3844	123
3355	517
21085	282
36243	452
28407	966
28407	905
6379	120
5374	672
1995	9
6439	1010
12403	883
12403	868
23789	775
20778	765
10959	244
10959	40
23478	163
8769	247
8769	282
6869	899
6869	219
6869	10
6869	962
26401	96
26401	823
26401	322
26401	805
3985	698
4842	864
3336	996
20409	957
2173	288
8143	272
8143	779
5625	845
653	530
161	99
11970	107
2826	620
25808	513
3442	826
7679	40
4651	796
1345	61
4651	928
3205	849
19251	108
19251	922
19251	761
24399	102
2029	100
3491	118
15220	452
14978	775
2100	861
23990	733
21216	315
30797	104
17548	16
27124	77
8826	864
26328	255
26328	243
33313	48
13776	988
21216	247
21216	310
3736	315
1291	988
2780	66
2745	149
2745	110
437	250
6949	962
3378	314
24217	39
24217	97
26049	59
2121	273
37141	460
23351	179
23351	696
14509	830
2683	126
26035	56
17124	143
1121	642
1121	483
22183	99
22183	680
22183	43
22183	18
30429	167
1860	289
320	170
24996	929
24996	542
23213	298
5232	816
2164	984
5557	823
1050	883
25152	39
8287	313
439	237
15198	140
34194	144
32108	638
32108	353
34194	143
4108	23
4590	253
31199	61
3933	251
4645	353
34493	675
34493	26
34493	54
3377	796
30765	28
31845	123
33942	848
33942	315
26049	124
26049	53
26049	96
26049	175
1770	313
24518	60
2780	184
26758	151
26758	144
733	96
1905	48
2068	787
1905	22
12573	884
32108	996
35784	530
35784	527
30612	761
2647	43
2033	871
1939	850
2143	871
4494	861
4494	293
5080	312
22661	375
14978	816
31851	96
31851	105
4479	849
4479	768
4479	881
4479	143
3603	177
4822	250
5738	328
1431	878
1697	911
1775	396
4229	230
23789	300
32108	969
32108	831
9914	244
2979	952
1689	1010
29369	69
5590	686
15220	109
15220	105
4683	4
5130	899
5130	120
32907	100
18301	151
21216	935
17124	1005
17124	948
28833	153
32020	168
32020	111
32020	929
6625	235
3322	956
2817	254
5388	123
5475	113
5393	334
569	227
10717	328
14095	120
31879	47
11076	161
31879	168
2298	787
17124	177
5882	219
3871	242
15220	15
18336	75
3846	212
23838	4
26049	643
3186	8
17548	864
17548	120
3078	179
1249	311
7679	212
4818	396
1689	355
21419	230
19251	1010
8353	48
7272	59
25808	850
25718	48
2392	928
2392	271
33244	179
2885	237
2885	791
2885	696
4085	154
12894	69
30797	979
2934	155
2934	95
2934	876
2934	151
23882	321
841	187
102	64
32108	123
2338	138
34175	225
26049	760
18916	273
18916	689
4839	178
2255	925
1444	228
1444	508
4108	218
4108	326
12522	751
20811	35
2143	41
1273	123
19602	965
19602	214
18916	120
30929	225
2597	910
2760	1006
2670	885
781	57
36752	288
30488	319
633	928
2154	419
2	254
3745	199
26460	460
35232	875
13690	167
1223	116
875	322
2528	65
3840	444
3840	199
3840	286
1074	930
1268	228
16115	53
33918	957
3534	761
18810	988
18810	123
11167	797
4453	14
5332	918
5726	328
5726	923
5720	133
638	918
10633	219
10852	19
21085	779
7048	247
375	119
3658	103
18916	144
18916	266
2143	246
2143	774
1373	756
4167	219
3579	918
20343	295
20343	15
17223	979
3058	164
4552	756
17627	843
550	47
550	106
2855	754
2221	280
1992	214
1992	154
1485	362
5686	147
14714	227
14696	144
1854	125
2530	811
4018	846
363	298
1411	220
922	922
1592	708
18547	246
35100	193
4590	816
5182	0
1292	584
36263	926
2654	265
14095	984
4079	866
28183	981
11785	816
3103	754
3103	95
12338	918
16896	13
16896	119
12351	7
1794	249
1794	664
10976	965
4590	159
34493	154
34493	864
27960	239
24169	273
24169	237
28566	56
28450	246
2305	144
2608	159
463	241
11208	113
3840	419
21787	44
3985	153
1001	162
1613	299
2720	118
4673	56
1718	66
36041	9
5578	607
1350	271
11167	100
22311	324
21216	378
24268	1006
5535	761
16869	160
34493	857
1666	237
12403	315
12403	16
23478	253
23201	155
13145	123
1033	395
3475	647
10236	66
4789	416
5592	910
23197	280
4823	40
8646	100
11208	871
2929	298
648	899
3355	857
27124	244
27124	105
27124	908
10909	121
2654	58
2817	58
8064	61
2384	327
4805	2
2758	12
12124	643
4353	230
3479	174
31464	805
7272	888
22183	181
3769	808
30797	60
9162	8
30082	259
7899	268
34194	25
980	643
36533	151
2654	315
3205	48
34493	58
8051	59
27834	154
4587	268
4679	65
560	272
2215	123
373	237
1	48
12150	1006
3805	66
759	96
14714	876
2984	680
31615	298
31615	154
310	396
3401	78
12522	69
12522	324
24153	928
3322	759
24153	251
17940	52
7679	53
31763	273
2855	181
2493	20
24956	19
129	174
16290	25
2984	761
36900	992
2991	32
4141	66
22639	98
10976	972
18709	109
3364	41
30429	646
30429	432
30429	65
5261	645
26460	168
17223	242
7206	265
10462	796
15220	9
15220	43
15220	163
15220	816
1253	168
5578	178
22579	396
6920	937
3719	286
2954	253
3547	923
10752	251
10752	298
1177	237
34493	265
4052	608
4052	84
20343	90
440	18
24991	44
1273	647
27786	929
18250	922
10970	850
14786	110
19251	171
155	225
19251	151
4206	314
8909	709
2934	60
2934	162
102	123
4129	12
2029	85
27769	8
27769	61
26692	230
33072	18
33072	58
13667	321
33320	199
21703	11
10763	190
26737	60
8001	60
8001	52
2855	896
2855	845
3201	154
560	857
208	225
4499	326
4499	188
4499	12
2402	984
5773	56
3450	288
20949	105
32108	79
20949	220
4889	996
18916	861
18916	240
32108	995
1243	258
4844	313
2647	268
23789	266
23789	990
26556	189
14509	218
14509	21
14509	659
32059	1003
4862	934
3672	237
20778	845
3428	251
10976	218
3575	286
802	77
22807	242
31242	55
3024	238
4894	101
12124	54
12124	159
26386	104
26386	298
18337	1
5522	129
26692	272
13548	163
167	765
8462	830
18834	71
18834	138
18834	116
3495	87
3495	30
3495	756
1845	181
4579	567
4479	2
25098	26
25098	914
5388	750
24879	0
24879	225
3847	218
33451	113
3169	163
2164	775
4532	10
937	324
1470	26
3124	54
5617	181
3547	26
11091	37
11091	63
16358	975
1663	131
337	102
36500	148
3259	846
32059	823
1151	4
1151	8
572	282
36263	266
36263	151
36263	55
2780	48
2777	368
19251	251
2777	416
896	120
1677	452
1677	816
28876	242
1677	194
1677	69
1677	922
1677	731
3547	324
2124	177
3486	4
24399	58
24399	53
4990	230
17124	27
10633	71
10633	527
5624	178
27730	203
5486	816
309	698
509	253
1596	857
4560	153
4664	16
5377	225
21216	104
3217	178
929	163
4283	131
777	128
2826	131
13988	286
10376	761
36994	398
837	31
837	23
837	83
36534	79
352	98
3217	85
3217	162
17981	273
1470	48
17981	239
3547	131
3217	151
2480	167
1789	18
1789	244
3217	31
1192	313
1192	175
3566	170
1789	36
2451	758
630	110
3486	850
21412	313
21412	148
4249	883
5203	129
19454	268
3029	140
5310	314
3855	120
17548	129
4962	42
129	107
4670	975
26909	18
7679	184
13716	153
4106	177
11456	168
19	24
19	746
1831	163
3701	242
32573	544
3513	167
1390	787
661	100
20949	151
20949	63
576	123
560	298
1443	368
1443	138
1402	213
2629	788
5454	268
2685	69
5204	31
4079	193
3125	608
1948	934
460	230
33943	44
5763	857
235	59
16431	170
4080	131
4229	273
4007	790
4924	178
31358	100
30797	36
30797	163
30797	977
13136	796
4930	178
4296	784
4296	840
2417	84
20343	113
5151	816
3131	698
344	643
3131	857
1598	299
2725	0
26049	220
1845	876
429	527
3926	181
3217	101
2143	882
29204	884
3873	450
3873	666
3840	846
3840	311
3840	178
5678	178
4756	147
32907	89
32907	271
359	16
1290	326
3548	845
16684	240
5274	78
3078	56
15571	20
3900	398
3719	965
15601	324
3407	210
69	59
2418	250
2589	866
935	647
5015	18
15571	99
306	254
16498	910
632	253
5804	796
834	196
3475	59
4209	52
3770	956
4299	823
4955	99
2422	857
3463	929
936	35
15150	95
15150	186
120	530
5259	133
15150	53
15150	79
32018	250
1166	530
15150	214
3527	87
15150	167
4767	120
15150	139
4407	53
373	131
2992	123
392	120
4097	276
68	227
4967	816
27834	962
2412	710
2337	225
3217	929
4925	13
2102	210
971	211
2493	109
507	689
440	273
2514	69
4380	225
14161	138
4538	846
3144	27
33359	87
1188	230
4542	875
2693	1
7967	78
1394	250
1188	120
5727	96
3736	322
5802	250
27926	313
4417	378
2143	787
2332	12
1444	268
4276	258
1596	100
520	62
12934	2
2685	892
2492	47
1685	211
4924	43
16354	929
2197	100
2924	416
2528	213
2924	1001
35390	269
5845	99
8914	96
2480	53
1496	286
1493	396
998	212
699	857
4385	9
2316	22
3855	219
4561	179
2458	805
1245	750
163	1
4082	0
1845	58
23351	21
1845	298
2876	254
2065	25
841	144
4440	230
460	75
129	26
4627	0
2636	816
790	9
2636	53
1705	823
1168	184
4384	850
4384	63
4447	79
4889	163
28502	161
26035	43
1391	87
129	63
1771	79
384	54
1946	299
4299	48
4299	54
22147	63
28295	326
30041	128
25808	211
630	244
22147	154
118	219
4767	761
4672	947
3634	90
3634	368
3909	39
26380	314
2485	237
943	850
1637	129
4847	225
3661	147
30405	884
699	1013
5487	11
14978	226
3205	18
3205	84
1115	170
714	98
1115	326
4005	266
26758	218
4005	956
4005	2
4005	668
4005	300
4005	302
4005	475
3537	35
4005	639
5297	39
5297	31
5297	71
3790	898
3790	227
4173	83
798	42
26083	144
26083	962
26083	990
26083	878
18916	140
4930	154
2956	43
3557	140
3205	61
3271	253
4895	66
927	19
683	760
1446	527
2703	996
32108	857
32108	8
2017	289
18916	293
1941	328
2926	4
2064	54
3203	146
109	14
21441	322
21441	939
24976	66
20018	934
4850	379
2817	572
777	96
470	18
2033	239
12068	84
1345	936
3847	230
4945	120
1779	395
2683	188
4149	147
2410	298
630	100
2751	168
2629	70
2751	786
1779	192
1482	273
1482	168
1944	25
35482	12
2911	823
4789	947
632	96
632	53
3871	298
354	823
5256	130
2548	178
15571	170
34350	995
929	117
813	100
19861	850
1887	124
2623	212
4779	106
1311	181
36887	18
2733	495
5693	592
4392	19
2756	326
894	322
3871	116
7826	588
5477	845
3852	218
32059	175
34493	321
1988	121
7272	508
2458	146
2458	968
2458	136
32108	220
1988	1010
14509	871
14509	14
2945	22
2355	189
2194	250
3493	975
18184	272
18184	56
18184	669
31597	87
32058	16
4063	191
2224	113
4063	884
7272	44
4063	99
4063	19
4063	241
4063	181
28520	298
10111	995
4483	213
1470	396
3933	188
1689	114
31643	181
33905	811
632	65
632	159
1245	64
532	69
3840	62
3840	71
1964	297
3840	140
3840	112
3769	184
11658	923
2683	675
2683	510
11091	128
3933	282
3933	117
3933	314
3671	811
1874	99
27834	131
27834	152
27834	209
2155	997
2155	980
4146	36
5203	612
2380	123
13667	120
36378	996
1821	26
32108	314
30797	18
36263	100
35704	108
35704	289
35704	203
3287	229
297	14
3145	254
4491	19
32907	250
20409	116
2932	372
2705	123
2143	18
2143	880
1280	26
1280	328
3162	995
420	153
637	159
24399	471
637	37
25162	69
5680	168
4628	71
14672	301
5678	866
5678	247
2978	947
22386	866
4799	444
4278	187
7679	123
2663	157
646	268
5741	250
3980	45
3980	87
3980	315
3980	54
3980	153
1335	934
1335	1010
1335	120
3188	759
3188	754
3188	934
3188	328
4063	39
1378	77
26460	830
4960	865
4960	150
3680	508
1104	666
153	832
1104	947
24399	787
33108	11
9397	159
30797	273
30797	498
19971	876
11575	96
11575	60
4924	759
11575	52
11575	95
4930	296
31464	324
31464	146
223	508
26049	226
26049	754
18709	864
24976	193
5370	251
13837	230
1915	315
23789	179
5006	147
34906	199
34906	286
1444	934
18916	268
18916	360
3823	606
4407	328
550	52
550	95
550	96
1245	105
8244	314
21935	845
21935	852
31464	187
10909	847
23990	25
6742	36
31202	250
18337	811
927	240
1301	915
9168	984
22147	271
3078	219
3298	254
13667	928
3933	169
3933	963
5796	375
2384	192
2384	10
10165	6
747	218
26758	899
26758	314
22147	643
35948	313
28493	666
4327	13
1697	260
5186	129
2613	211
11822	177
246	989
9829	123
4648	1010
643	71
6105	934
1816	104
3547	100
20343	126
12492	368
7447	3
18498	250
14638	223
32978	760
14685	213
4930	55
284	664
30402	1001
13690	884
5212	161
1235	57
16332	63
161	360
17014	213
5129	239
3513	53
3513	79
2921	861
2921	39
2921	823
22798	52
21550	300
21085	286
29709	151
29709	143
34493	222
34493	314
34019	124
34019	146
34019	53
2327	140
7666	313
115	816
11417	108
11417	170
33247	786
33247	929
33247	268
33247	762
33247	8
34194	922
32108	899
32108	988
2105	40
2105	584
2340	113
26049	286
11208	91
25964	123
21787	1
28982	96
21085	175
30405	168
30405	160
32978	647
32978	181
32978	239
25840	105
32978	179
31207	19
31207	20
12476	104
15150	228
15150	193
3482	280
20778	861
4145	527
16869	620
32059	20
6786	136
12705	934
10245	1010
7899	188
5098	69
2672	922
15220	69
4108	299
3168	293
29627	689
6207	507
5910	169
21197	857
21197	128
34194	35
34194	87
21758	57
2483	298
21730	122
18184	1010
32108	881
14509	639
741	823
20286	298
20286	154
4082	995
12791	154
12791	762
12791	101
25396	239
25396	756
23990	756
28407	223
28876	62
20645	984
9529	124
32020	767
25768	99
16869	55
4082	227
26460	54
26460	298
28566	680
28566	118
6550	253
12403	254
4894	203
4399	1010
24399	315
17620	956
36248	857
2306	218
3547	226
6105	704
24959	213
9529	222
30426	62
24268	184
9129	313
3217	10
27124	181
3871	192
24051	147
3377	760
1815	265
3220	4
3481	157
2674	219
5385	96
8646	168
10002	41
10002	220
16869	120
25808	254
28566	147
29369	527
29369	288
5056	124
4441	517
290	218
30797	105
357	857
8531	709
3975	54
3975	48
1388	638
10701	71
427	518
2817	957
2817	260
2817	974
2817	911
641	113
10970	140
938	78
14509	666
365	1010
23478	314
23478	151
1470	98
12791	930
36237	77
24399	161
24399	159
24399	175
10633	884
11417	25
26758	929
3705	850
23351	850
26460	760
26460	142
11841	249
21787	934
5971	918
2143	179
17354	184
2926	140
21085	230
4629	168
2230	203
21085	178
21085	253
320	761
19251	116
5171	918
5332	995
30024	258
9547	289
3802	995
26460	52
20949	37
20949	99
148	238
28876	100
4210	698
25949	211
5533	242
31879	907
30797	19
5282	922
26049	230
20932	15
20932	24
28135	140
11022	396
25886	15
20343	100
22147	120
567	735
36041	110
36041	168
3650	147
892	133
21085	760
5683	796
4205	987
6105	223
6105	4
7272	131
7272	227
5305	123
685	144
7272	181
685	189
8646	71
10959	85
25538	19
14460	103
2685	105
18412	169
17124	40
3118	947
26934	139
22147	314
22147	15
3547	239
3407	857
17548	124
8914	95
8914	60
30170	4
4518	146
25667	17
5129	313
3133	857
36091	878
13592	143
14672	396
2514	675
16453	172
5167	246
2817	782
14284	42
4288	12
2674	17
3217	147
15542	44
22807	300
18412	130
18412	85
25314	218
32108	48
20949	54
29724	100
13667	55
2611	123
17375	163
5648	140
2483	241
2483	25
2483	19
5512	265
5512	169
36689	282
4823	830
18337	765
25707	368
36752	858
26934	227
26934	175
10872	139
11776	608
11022	228
7679	131
5444	685
2871	52
699	12
1045	147
18337	170
18337	36
1551	199
26460	100
6869	59
5790	419
6949	143
3406	228
2921	984
22487	100
796	123
5190	85
4858	52
24399	178
841	123
9248	230
9246	984
1349	43
1770	670
2045	680
18489	926
5376	919
3547	168
31879	131
3703	178
2926	20
23181	241
1444	77
32108	136
2855	981
2855	100
36313	313
8244	223
12791	396
12791	314
2683	681
379	321
18916	87
26184	647
13162	181
13162	99
1433	1010
4930	876
269	33
21085	85
31879	271
4332	25
3547	314
4325	673
6499	918
7272	249
22280	119
32020	178
4924	59
23351	122
1689	360
352	234
32108	212
21997	626
11076	151
9945	833
116	237
16073	584
23478	230
26758	368
3058	212
10245	48
18575	170
26460	643
5	698
27834	170
2986	959
15220	286
20949	816
20949	26
4099	71
4293	15
7899	59
3933	871
806	230
21216	99
2817	77
1662	225
11022	10
11022	35
2562	123
3124	137
26049	95
26049	146
26049	876
1748	517
19251	69
28566	85
2314	120
2099	8
3594	643
8244	666
2078	147
23478	756
8860	608
6270	280
1620	162
1620	517
1620	527
4142	452
3279	728
1497	181
3279	938
1497	103
5344	757
20016	84
17548	227
4975	169
1594	99
11286	929
2143	345
3407	996
4216	797
15183	996
32059	219
8244	151
8244	34
20949	666
3362	254
10021	220
18412	96
31331	132
31331	884
31331	181
3719	846
2517	757
7545	866
7545	183
3288	4
20811	227
20811	193
19251	120
5726	61
25301	85
587	219
34956	116
1943	14
1975	219
1975	385
4832	194
4832	936
4152	59
26758	223
26758	25
17356	32
3847	147
35417	831
7679	35
2038	113
5071	105
32108	130
4251	66
5477	123
32108	620
32108	161
35664	620
4942	178
116	259
21085	63
21085	930
13441	63
2845	53
28566	95
28566	52
28566	60
28566	175
15718	140
4392	126
5548	796
21591	34
27529	415
5237	227
282	20
282	54
26597	830
2392	169
7679	934
34194	39
2721	211
31091	396
388	22
11076	99
367	928
2079	857
32108	199
28048	253
2164	321
35100	934
24399	140
22183	219
33231	175
5664	209
5656	857
4394	12
21085	507
3424	59
18810	995
12192	28
12192	128
21085	680
21212	204
2776	647
4147	928
5120	144
20752	227
310	816
27301	831
27301	894
27301	353
27301	729
3783	230
37007	143
37007	144
37007	151
14786	130
2241	666
2742	95
4561	48
7272	237
6437	147
18709	530
3247	151
3247	168
18709	396
18301	75
18301	260
28876	123
35417	41
26597	643
18107	129
3847	96
36094	962
36094	758
3168	169
5270	120
5389	105
5389	689
7447	239
33355	280
9902	66
26380	129
8143	104
8143	105
8143	995
1936	61
4823	120
3217	507
3124	147
32978	152
16582	242
26049	18
15624	230
6786	103
28458	220
5210	48
35762	299
20949	219
2862	73
22147	680
22147	647
27939	220
15220	161
19582	1006
32020	488
3481	118
20254	60
21085	120
35761	104
35761	620
3173	123
143	698
143	181
18016	643
167	91
5678	142
2302	203
3217	203
20949	19
32108	85
32108	19
3304	154
24879	28
13162	214
35637	299
35637	129
4853	934
5284	653
1507	146
1507	124
1507	282
1507	244
1507	805
25382	213
4304	147
18916	258
23868	130
22807	129
22807	121
1697	48
23990	802
32108	69
12508	69
9419	77
34493	139
16290	368
16290	612
36263	71
5236	754
5236	922
3719	14
26692	975
3256	15
2037	452
36434	362
18900	35
26692	69
26692	789
13690	26
4088	96
13690	887
4088	95
284	857
31064	123
21877	124
21877	460
3573	230
26460	620
18916	26
1980	120
32108	13
30402	14
3534	25
2029	850
26758	120
18337	120
22183	213
1054	126
7048	218
508	213
3044	53
15593	375
2612	123
33701	147
5838	934
6138	12
2762	816
1301	107
8400	152
20778	460
21085	689
13109	608
5524	14
28823	140
28823	268
7447	548
4523	981
2826	14
5898	643
3081	460
4790	934
13162	59
28566	160
4293	100
37068	60
37068	96
11947	225
24860	241
34493	757
2754	360
35417	142
35417	154
4657	754
4657	212
24268	54
682	178
4504	757
4504	756
4504	923
3639	886
114	96
1243	222
29874	787
29874	43
29874	184
5198	225
19251	266
147	241
18387	244
18387	53
8586	227
3769	90
22183	174
5017	225
6105	48
7995	95
1528	314
20016	281
20016	152
31763	203
4634	39
31202	61
5799	53
404	850
6786	203
6786	666
20778	144
36263	26
4755	321
13430	517
4934	230
30429	899
29311	70
12573	1010
27786	975
7679	146
6707	508
10245	760
3662	975
31371	118
36509	113
31879	830
26460	40
20343	219
20343	66
13991	69
34194	168
282	99
437	253
595	253
31204	189
14786	975
5459	328
6786	147
5459	213
3205	227
20778	899
1340	179
34194	20
5220	61
3124	189
30429	140
10184	105
33072	19
2462	248
1315	527
18916	59
144	59
3719	89
5048	20
1339	168
2251	66
4067	48
18016	699
31076	12
34906	52
13667	271
13667	95
728	850
2921	35
2921	739
13305	836
35934	179
35934	61
35934	223
8143	265
18250	396
18250	105
8113	517
2647	175
20778	52
20778	60
2647	95
34194	69
3407	175
2365	144
1753	131
3085	315
14479	184
25152	48
31834	18
2269	147
32059	584
3379	313
16869	300
2845	85
16570	178
26758	527
26758	96
4972	1010
1142	151
1142	124
1373	12
32059	120
753	97
21419	228
5678	126
266	87
1883	109
2488	66
36567	819
4522	850
22697	993
28876	984
28876	31
3145	178
1091	46
16869	857
5734	307
27779	230
16659	19
15220	129
5030	396
36502	923
2510	131
145	360
4039	157
22280	123
33561	643
4815	100
34926	85
15220	85
18390	507
18390	103
26049	26
2090	910
34847	230
3933	299
3840	986
3840	161
1013	223
1013	271
1013	876
1943	84
27858	14
26758	850
892	143
8646	219
31879	178
36498	13
36763	71
28566	91
4201	13
5753	883
1044	31
14696	66
7447	419
3536	147
30797	120
30797	242
8113	10
4598	169
159	956
5810	131
5810	96
3168	45
2399	846
2493	104
13305	781
1730	178
11658	87
3847	246
423	174
3847	938
4418	242
2852	253
4542	123
1976	225
22739	113
22739	760
25840	321
1407	146
17864	28
22723	10
14509	157
11365	452
194	170
11365	100
154	261
2010	219
2010	934
35986	666
2855	396
2143	150
2143	165
9193	219
23351	260
26758	203
12997	151
12997	14
4973	12
20645	360
15852	69
2922	698
8400	85
19627	18
20343	517
5104	34
4624	100
12395	248
1288	59
3259	12
15789	272
36041	63
7272	230
7272	787
4924	212
25886	530
17124	147
1689	666
30429	18
4461	283
4461	286
2399	16
10296	177
22697	57
119	155
3433	249
4804	43
16278	1010
22739	189
11076	184
11111	124
34493	140
19251	91
7272	10
1905	16
5229	53
4530	219
32059	14
5678	27
10909	1010
13521	32
18900	17
15150	33
32569	147
36263	14
28876	362
13441	321
464	10
14613	300
7253	253
2082	199
5002	146
36509	123
25560	379
25808	212
9529	59
22147	203
21787	300
21787	680
21787	120
36597	816
28787	123
36094	53
1472	26
4363	922
30496	14
5169	61
21216	508
21216	54
35417	52
35417	95
5686	138
699	144
7889	8
7889	268
14786	935
19251	144
19251	143
2143	147
15220	823
22147	313
18916	35
3267	41
1245	11
7975	286
32907	66
33808	253
7272	270
4941	91
2316	131
2924	975
167	59
22721	10
22721	126
29850	95
4590	47
23789	59
26758	26
2545	823
26758	965
20286	360
4805	527
32907	52
32907	96
26049	43
10715	647
2685	230
2685	151
2137	52
28341	666
21787	37
3865	78
2053	212
34194	34
36534	99
17124	48
4541	19
32516	100
32516	181
1767	90
18916	60
18916	230
23351	666
4804	666
3847	163
4804	73
30797	172
30797	157
30797	844
18810	223
5552	100
1972	253
2530	647
5802	175
2855	36
2855	131
31532	314
31532	861
8001	230
18834	517
18834	158
919	230
4342	61
2204	140
560	368
27751	153
29980	34
26035	213
26049	61
9759	109
34175	123
19251	85
14470	126
35664	13
10959	151
3618	25
1029	147
452	157
847	755
2109	65
9602	527
29747	14
24890	299
5326	54
2921	527
18916	151
929	120
929	119
5322	124
1050	3
4767	25
14013	892
1794	460
27124	219
12403	19
28566	884
1086	110
36094	225
2098	62
1800	103
10909	247
21978	530
34847	146
34847	136
34847	53
34847	124
5612	698
4995	13
2749	70
15760	120
36583	77
4244	19
804	25
32108	203
24674	396
16532	995
2493	25
34493	20
18387	104
13162	77
13162	63
13162	20
13162	18
13162	168
14509	300
14509	984
2984	253
834	572
2173	85
2121	36
799	289
16399	354
23042	85
26758	126
1396	144
9146	122
1996	23
24977	517
17124	923
24399	230
24399	168
24879	699
23351	230
3547	18
3547	680
9529	19
9529	87
5250	754
3377	25
3377	311
3377	161
27124	48
264	104
17124	55
17548	151
17548	143
7679	956
23351	153
23351	918
512	36
3453	95
727	541
645	360
2718	36
27351	755
2364	981
3597	850
3561	123
1593	253
2062	192
6053	237
2358	44
918	178
3811	181
32108	140
28566	110
26049	19
26049	156
2277	100
2102	756
21085	43
3840	984
33524	57
4265	288
4074	69
19582	300
23789	181
1146	918
31643	18
4618	178
19251	14
470	120
23917	884
841	178
1611	129
13787	699
26049	892
26049	103
2855	153
33795	96
33795	85
704	876
24190	943
23941	37
4402	104
2399	460
5277	179
26460	368
26460	59
10806	856
2143	326
25840	324
7447	1010
4574	857
25949	144
317	178
16290	15
1522	184
24217	124
24217	146
310	507
5876	131
9963	65
11111	930
1428	756
29348	77
5209	230
2462	241
21935	25
18916	857
7048	178
27786	184
27786	100
3558	88
3561	78
32907	375
6869	105
1730	419
14786	666
21740	37
1982	917
1982	554
3244	77
5346	14
4126	923
132	250
4254	154
4337	36
23789	223
27496	698
4935	923
3885	260
24574	884
14786	252
24268	265
24268	250
20280	66
9547	881
9547	167
1558	147
20645	52
18831	666
2659	152
23789	230
4181	178
640	956
560	752
30405	699
9529	65
13690	850
36597	876
36597	151
36597	875
6742	244
712	188
26049	460
21216	37
26049	90
21216	362
938	875
22807	144
13970	181
642	259
25222	32
2545	962
1493	154
7899	995
17124	99
17124	19
17124	1002
4559	268
29006	527
2921	1010
847	507
847	192
1388	15
8001	175
21787	225
4853	31
23351	59
31668	100
4926	100
16290	1
7899	184
3479	548
3479	223
2142	643
2037	223
27124	755
2528	268
370	996
4673	612
4779	157
34194	139
34194	19
3997	122
4575	65
789	120
1730	2
2780	52
1444	96
36597	244
36597	172
1990	643
29438	144
26444	175
5313	241
5313	152
6851	816
17548	11
35771	823
866	233
1596	213
574	17
18337	268
4597	975
4597	59
5633	178
2318	33
2318	168
32978	272
2826	154
25808	314
2876	189
10794	85
10794	130
4108	59
5620	32
34194	105
36531	817
36263	123
630	755
2191	972
31571	379
15467	59
18916	881
11269	16
5697	1
28876	228
34578	848
14773	119
952	139
3072	1006
29003	100
4960	212
2821	131
12124	91
26934	230
5758	178
8001	10
11208	52
11208	111
24268	26
24268	4
2327	117
18451	46
3652	507
14978	876
14978	234
31571	155
18184	28
3407	131
7272	975
2491	26
3295	126
384	114
12124	59
12124	219
12124	10
3139	774
3384	108
14786	154
23351	85
4967	368
4967	203
1803	247
3190	624
715	73
2423	910
470	325
102	14
2033	230
4219	1
35637	698
19251	419
27124	175
27124	62
27124	52
27124	60
5295	199
20016	62
938	66
2085	227
20778	313
35417	756
3547	362
10144	152
1550	121
4590	647
3205	16
1954	937
32108	113
23990	324
1314	774
12791	87
20949	876
1251	460
2443	55
24399	310
4278	179
4278	39
796	45
12124	230
3964	39
3922	313
4947	96
2697	120
2817	227
4551	108
8001	324
1298	242
9098	96
31002	326
6053	326
6053	147
9289	850
7025	643
14436	1
974	250
658	100
2216	202
20778	219
27124	124
14978	155
14978	143
6742	105
26934	541
34847	85
2181	1
10633	299
4167	755
32907	147
14509	846
14435	140
33783	10
3561	159
3561	227
4930	487
7048	268
128	209
128	98
128	936
34194	300
34194	375
32059	313
2306	756
25886	75
2306	755
2306	674
25119	850
25119	362
4132	17
16269	61
4817	192
4817	154
17124	17
32425	246
30405	324
5426	32
1730	754
4345	14
30429	199
15220	419
3513	168
7679	33
7679	202
22964	116
2331	184
1851	86
30220	32
8274	35
26988	131
2008	52
36731	18
36731	35
25538	39
10591	507
25538	234
25538	218
20572	755
3309	73
28873	18
28873	168
6949	396
27098	268
23351	32
6941	11
12791	831
11208	755
4952	85
20286	143
20286	203
35489	19
5252	962
10752	313
760	95
30797	199
317	199
35417	268
3664	172
18916	19
18916	260
21877	227
1564	153
19421	755
33897	103
30797	227
30797	313
8001	26
28876	268
13062	192
18916	121
27124	647
22147	43
1519	39
1519	118
5081	314
4227	6
22646	36
22646	131
20778	53
24574	143
24574	876
7679	154
18916	313
17124	6
10752	19
6583	129
6583	299
20949	90
18916	584
14613	32
24574	19
954	548
954	16
3109	120
3791	324
17124	268
17124	192
32907	1010
25886	362
14786	830
14786	40
8914	203
3027	282
32978	32
28502	850
4703	17
24399	123
4598	140
6742	154
36514	227
166	227
23478	31
31865	32
31763	237
7272	32
26692	548
26597	450
18709	32
560	192
4064	62
19251	4
19251	179
13993	934
11947	975
8646	146
8646	124
8646	234
21216	268
846	975
5484	151
20811	39
174	179
21085	268
17981	225
24399	419
12791	223
14638	918
3698	811
2978	126
26758	181
7679	313
480	268
480	647
878	805
878	47
878	962
4354	315
1315	90
632	228
18916	918
1619	174
11947	774
7206	14
5154	20
4807	43
32020	32
8001	202
4882	280
34194	192
29700	548
26083	59
26083	99
19251	203
26083	419
19251	237
26083	86
26083	33
26083	19
26083	168
14509	268
2550	218
11730	16
24399	124
24399	876
14786	973
17223	1
24399	321
14509	154
14509	548
2700	234
26597	396
196	39
23351	132
23351	875
22807	62
8143	268
3401	3
128	39
18337	230
18337	398
30797	286
7272	100
29415	175
10002	54
630	975
19251	169
33355	85
2514	527
3755	666
36094	1
22964	36
22964	84
22964	152
22964	131
27124	28
5642	10
10714	17
3534	328
3191	757
4587	168
24399	268
36263	85
8143	77
10245	225
29369	212
20778	160
19251	811
35971	199
36263	23
2545	117
3475	508
17223	781
3549	45
14786	16
15898	362
3080	548
3080	90
15467	178
2181	181
1013	179
2497	328
6105	161
6105	152
2826	59
18916	608
1656	527
21216	321
6742	984
16201	416
16201	70
6499	113
9547	168
8400	816
5617	548
2654	14
2654	160
22060	507
26460	16
26460	548
30429	227
749	69
36300	212
2085	548
16290	65
16290	100
10633	179
32978	833
1654	66
13062	32
26758	608
18250	223
403	850
353	160
33280	419
27836	119
12403	39
12403	227
641	75
1611	60
1611	52
2717	170
24352	26
3118	226
33944	139
2305	187
1921	876
712	850
4720	934
17281	123
5425	760
1876	984
1876	918
1876	884
22277	608
486	32
5875	315
25222	65
25222	238
25222	139
25222	86
3350	517
1841	816
3302	223
3302	128
15496	59
15496	34
5799	54
2921	40
550	247
827	947
927	113
2662	84
3769	360
5451	620
1098	19
2662	37
18379	143
18379	876
5001	877
2662	19
4332	116
3547	647
12068	114
2348	548
2348	850
2348	90
2348	17
4380	131
4180	181
487	28
530	643
2662	100
4412	419
4180	241
36000	95
2514	371
352	326
1691	139
142	227
3177	30
2662	0
5726	113
2458	239
4283	218
2458	39
1388	46
3247	90
4930	120
2458	859
1431	95
5280	136
1493	200
24302	975
4616	27
2496	378
22311	643
1469	77
4180	857
4082	178
660	65
2528	140
2662	43
5280	53
16141	643
264	159
1555	122
1689	139
904	131
3205	219
3452	756
264	928
480	681
5374	193
3908	28
928	167
264	765
5485	131
3452	162
332	975
3384	83
5374	877
5374	83
2097	301
1210	918
4801	159
5739	811
480	779
1483	61
405	811
5297	230
36763	794
5297	271
264	853
12629	892
959	100
2662	61
2339	294
2339	242
2021	620
4624	1010
1758	39
4254	16
4624	322
5012	16
25021	104
2339	73
1862	34
2845	314
847	46
4002	389
2458	26
3923	166
22147	48
22147	54
22147	762
2306	157
1727	11
12789	78
2125	227
22147	167
3992	203
1599	16
22326	268
5477	816
365	606
7975	41
33427	517
4379	273
2104	1006
929	850
3719	396
3412	863
5287	31
19181	169
3319	59
4451	10
1542	268
2781	19
745	2
470	0
2781	45
488	624
1015	77
9529	225
1578	19
3678	163
3407	14
3990	23
3658	754
131	300
31864	159
741	541
3961	96
4529	282
3407	871
18045	811
862	131
4569	157
741	244
15150	396
36719	396
741	884
15150	42
4185	962
562	193
1967	276
5394	142
5661	242
3137	99
3137	686
642	918
5661	6
35489	981
23778	254
2035	73
29003	608
3559	875
30429	95
3137	181
3559	151
30429	52
4180	223
3933	181
20417	86
3689	241
3559	144
36968	100
4958	17
20417	36
16514	84
4180	178
11594	184
2306	16
3847	19
4648	123
3847	368
504	85
3213	10
504	86
3847	643
423	369
962	313
4003	54
5593	242
5593	345
17853	14
14714	272
30264	734
660	48
699	460
660	132
4168	227
4168	60
8909	962
3451	647
5197	880
932	3
470	460
470	241
18498	254
5387	132
126	84
5387	96
2647	432
4822	239
519	37
177	572
1770	99
519	161
4546	416
1036	268
1485	200
4350	460
1485	230
4321	168
2033	179
2063	144
900	100
29350	638
2782	39
2514	121
29910	54
9800	880
9800	856
2826	60
3162	253
28991	62
4321	25
4466	934
340	877
636	153
685	225
4530	116
2338	90
1054	918
19251	16
5726	643
1200	151
21375	876
21375	151
21375	144
1485	13
548	86
3424	282
2033	113
5669	811
22180	268
2496	62
35042	816
2496	81
2496	78
2496	147
1388	85
18916	875
33274	131
2016	103
761	998
3157	254
3860	756
4405	120
5171	143
4823	226
3041	175
4767	16
10959	379
1104	1002
2222	120
3058	248
384	110
2950	16
2984	230
119	90
685	280
3810	111
30339	32
1647	16
3452	147
2780	69
929	16
10828	163
3280	26
3280	19
7899	242
4379	790
4379	161
1907	254
5241	212
2305	46
2405	147
5644	175
2691	16
644	986
3205	99
644	732
644	4
30797	90
4406	120
971	260
5644	96
1611	138
971	37
35183	529
1368	918
746	548
805	169
15109	284
156	6
1235	226
4938	41
1797	643
560	103
5583	255
35023	254
35023	162
20343	237
20343	129
4590	151
20343	239
15220	268
3125	168
3517	818
488	572
4176	918
2016	884
2016	460
15102	288
552	899
25808	811
5424	620
2716	32
36041	32
6949	160
4169	844
8914	647
287	857
873	69
1961	83
21758	193
1269	460
18709	124
2855	10
317	203
2334	34
2334	20
5726	140
35210	12
35210	104
3238	69
604	10
5682	121
5767	146
20949	223
3322	39
5767	218
34400	242
863	368
2345	271
2345	272
2345	39
3548	816
2143	100
4857	25
657	95
15220	227
1070	698
657	105
1235	291
605	59
5293	19
20343	46
437	179
27368	4
437	816
31795	875
1199	154
5578	123
4274	241
4889	77
7899	223
3885	310
1388	313
1345	612
1758	26
1546	857
1971	227
17616	59
573	120
4852	61
4852	17
4924	57
27747	106
27747	328
27747	701
27747	243
313	242
8113	144
5316	219
7679	884
17711	19
20881	211
5356	517
4924	300
35278	169
4767	245
2559	83
1794	192
3847	85
3847	86
3847	28
2679	46
14509	151
14509	144
27460	257
3614	16
2696	784
2696	63
2696	19
104	160
861	816
2696	90
1399	362
2696	45
27960	120
5122	10
3994	85
3994	139
1031	756
1192	161
3803	61
5270	159
5626	507
5270	725
1192	527
5626	845
3301	260
36867	4
6949	268
6949	179
19971	14
16354	120
8143	85
5270	828
14786	105
18109	517
4088	120
3810	61
25628	14
17375	219
5271	144
2210	241
35040	69
3883	368
3883	353
11208	147
2849	117
11208	63
4573	26
1470	142
5286	200
22147	25
5381	884
5162	949
4365	62
3126	756
5596	378
31464	396
4205	300
36485	396
4205	139
470	32
3125	811
2936	930
4667	811
3168	370
5749	55
5749	167
32108	175
32108	1006
32108	95
32108	280
29203	213
5231	25
13964	227
886	975
1263	253
2306	1006
2324	168
3023	852
5719	83
17616	17
5620	46
22870	268
1192	228
5085	90
5085	18
11208	507
4807	66
32605	142
632	507
36069	666
2776	140
2181	774
4970	34
2181	598
2181	550
17548	154
17548	647
33553	77
320	727
226	548
2534	186
3569	120
3569	10
585	16
11091	132
11091	189
11091	90
979	103
36918	16
2570	178
24954	527
482	175
11872	396
2143	19
3051	223
4178	321
11390	548
1003	0
3562	100
2838	230
2817	953
19971	10
31002	26
24399	203
24399	918
5193	0
18337	16
9529	223
13162	17
5321	784
2697	16
3168	517
3168	25
3168	100
1689	857
1627	84
5324	62
2192	836
5324	6
4710	61
2192	374
24574	32
4974	140
2354	160
224	98
224	71
1062	143
1062	95
3847	756
1541	161
17721	774
641	59
544	816
1462	17
1462	131
1462	84
1462	152
541	17
316	126
33516	13
33516	126
2931	142
7206	947
465	131
630	16
630	17
7830	242
5342	273
1185	313
709	1010
4111	131
4769	48
4769	184
4769	26
5471	170
5374	18
1742	100
26380	34
2826	160
17616	37
1882	396
797	818
797	19
2075	25
1374	60
1374	956
22183	19
22183	90
22183	162
22183	36
1377	477
2215	282
30682	83
1856	96
27277	85
27277	227
27277	146
27277	53
3072	184
365	175
4889	765
4889	879
3217	144
2715	181
3231	188
2721	100
9529	227
11635	876
2204	242
30083	6
1313	105
9529	850
1728	131
365	54
5127	884
5127	48
4590	220
3071	155
4205	460
5127	223
5127	881
14497	572
4348	62
29863	28
3780	930
22723	123
1699	242
4590	234
1699	106
3780	362
4590	53
4590	124
30083	944
287	214
1758	41
30083	41
30083	117
384	313
30083	253
30083	123
26049	527
28876	17
8143	160
4929	61
4789	756
36126	71
129	268
36126	956
4929	228
9657	910
16954	85
2103	238
14786	965
14786	823
16954	16
32108	109
18337	87
24199	850
382	86
1186	521
2060	19
5607	148
2572	83
2458	32
2852	96
1086	46
35284	647
3217	272
35284	314
284	608
3217	14
29910	884
14470	6
26692	90
1233	66
36091	608
26049	967
3400	755
4636	124
3847	527
4636	53
4636	850
2858	131
3247	507
1074	83
2223	66
33578	120
33578	995
33578	77
5823	55
1523	168
1523	63
2988	181
215	40
20778	32
5129	16
1815	223
18269	1010
21997	75
3096	69
2020	228
387	666
