423	61
29207	61
3698	140
1793	784
2984	61
3933	129
18775	659
9547	63
2280	65
3072	723
25808	128
12053	532
24399	71
1457	790
3359	754
10184	989
19621	290
28313	220
5442	497
5326	635
2528	165
326	586
28833	506
3418	473
16176	497
4049	935
10184	589
4468	846
2854	269
26460	884
4670	789
5726	870
3708	646
14491	339
1247	870
5413	633
23478	179
2280	322
3877	177
23478	328
243	799
2841	674
2921	36
4276	825
2854	141
5442	796
23478	754
352	300
2562	793
34847	241
30241	293
1689	733
21085	668
3270	954
5326	513
4276	373
1750	347
2921	282
1247	544
5059	801
3078	78
18916	513
1491	109
2921	63
2493	620
3868	620
3709	291
5443	960
2826	889
1054	377
1345	491
8376	377
5268	173
2500	780
5966	890
23418	199
24399	590
4276	780
2350	563
12611	847
5726	37
4913	94
273	18
1345	583
25808	624
24399	5
3217	664
2418	310
14037	740
750	651
480	651
3858	319
2654	19
1212	811
23478	174
1036	811
5413	632
3359	255
4425	255
1345	458
5726	779
2562	276
4670	326
5045	819
1789	842
10245	407
2355	159
1245	159
16176	642
4590	843
14978	567
507	843
31838	69
14491	466
25840	69
352	11
5543	95
25178	806
36094	343
1099	16
4463	986
4425	792
352	93
3078	246
5211	50
5066	488
1294	423
5326	787
11208	189
4276	989
4392	794
2855	113
25808	247
16249	639
4376	776
1689	821
423	444
1245	54
1247	481
1345	563
1294	662
696	39
2780	151
26460	875
28833	636
21085	69
1689	896
1491	883
9547	880
25808	170
25808	189
18916	417
1007	133
11604	272
3769	367
5268	42
15572	242
19602	175
2841	868
3205	424
4670	707
24217	315
2569	816
201	457
4670	794
4471	629
25808	554
4779	603
5544	707
25412	455
17569	273
4590	376
3194	203
3828	662
3384	882
1758	200
2876	655
5545	583
2410	120
26460	506
4741	825
4886	882
1960	205
2579	644
6742	644
595	423
2855	155
2297	328
3885	1010
878	745
1815	109
21085	181
684	754
684	868
729	239
28740	61
3420	623
3769	629
2562	543
34007	245
4590	109
5201	52
15226	639
684	918
4419	91
3164	484
3205	113
974	650
729	808
2579	808
5211	20
5578	680
974	664
9343	750
27312	446
9343	493
5045	809
5326	214
729	888
26253	21
21085	4
21085	241
352	817
2826	279
20427	164
26460	695
3373	194
5326	189
2320	975
4924	770
4403	751
5578	780
4590	546
3507	655
14393	974
3769	864
765	892
4924	477
1301	452
21085	160
5274	709
32020	816
4924	816
3769	123
2528	614
15226	614
15500	251
3078	254
1789	605
25897	10
3933	277
19170	627
14978	12
1444	555
26253	12
684	677
662	140
3205	456
2752	152
6742	786
2876	37
3769	79
27786	641
4751	144
1789	787
352	661
1054	787
2297	787
662	516
295	325
1815	250
23478	62
2528	74
8994	681
4334	858
662	681
27124	850
294	172
460	843
2496	843
1368	900
4419	939
4699	727
2483	296
5765	255
5059	255
4924	255
1076	321
1815	255
28458	811
878	203
5453	587
729	273
4334	811
21085	505
15226	505
264	296
5578	65
3205	485
1098	842
507	746
2493	103
899	828
2483	310
2876	521
3384	475
21333	298
4419	792
21787	996
1656	150
1036	150
3078	6
2855	819
17124	842
684	227
3217	607
5059	821
5211	228
2855	781
3217	375
384	375
2448	638
28740	293
3769	442
2483	192
2173	511
729	769
3885	230
264	513
5211	132
3885	132
21071	890
1050	934
3933	789
2984	679
3247	322
269	81
18070	752
2185	758
21085	100
3943	30
3885	147
4222	58
15467	226
1247	662
36807	313
4741	284
4648	369
662	284
3073	48
1793	65
1345	642
1245	540
4739	485
20286	169
7899	887
36308	665
3885	319
1689	485
819	981
1519	151
2776	964
2919	705
7313	700
18008	704
6246	67
2776	581
30429	506
1470	212
36396	359
3359	371
5339	371
819	150
4078	902
4648	563
24399	284
1519	578
28178	514
2493	312
2840	41
1519	25
172	25
4587	484
5245	606
37007	484
32642	869
3013	177
2542	370
1962	664
352	825
37007	141
22183	753
22147	327
2850	624
172	918
14978	502
3255	757
5726	703
5873	674
269	884
1345	888
28005	794
30429	372
30178	1010
4930	28
7679	239
5274	54
5330	707
2649	698
819	794
4327	264
5339	372
4590	699
13681	498
5618	694
1794	694
30060	324
23478	108
4775	878
30429	171
4703	470
6246	171
19485	916
3994	600
2041	623
13136	302
814	302
1750	888
2840	306
729	817
2528	397
4648	453
2384	148
3217	310
3885	300
3217	266
4590	100
28876	628
2850	628
830	759
560	964
4924	928
33005	828
22807	759
21877	967
4587	632
30429	654
1716	836
5349	113
14978	746
3865	759
5349	340
2580	957
4703	499
4703	834
2855	140
2850	63
2840	643
22807	739
4895	608
35204	559
2855	118
3217	509
5360	223
3294	255
1519	140
1050	255
1345	477
4703	374
819	657
25491	959
3847	885
5873	885
5507	510
2173	140
819	16
22807	816
4648	853
2841	316
5726	948
5360	45
21299	316
4775	870
3994	45
5726	184
32642	758
3385	997
29100	686
4775	384
3747	163
1032	917
5570	470
23478	712
26049	242
3118	242
21085	934
3118	384
5570	384
14786	840
10338	65
1492	65
741	816
5274	284
32108	241
4590	291
5274	354
36452	849
5326	291
25008	617
1245	239
3385	385
14786	198
1301	198
19251	189
23478	868
2620	654
2173	859
3205	394
560	870
2945	798
2366	440
9547	715
17105	553
3719	820
1444	353
7679	572
1192	600
2493	927
3708	2
3729	194
32108	877
1098	584
13909	123
28566	404
5520	118
32108	779
1247	349
5760	581
5514	584
26597	284
273	187
9312	653
4418	407
317	600
20254	446
10959	888
12522	888
33788	377
2388	34
36094	21
3384	902
21153	35
31686	255
4400	890
3205	511
352	39
729	199
3118	71
36452	371
2173	274
5326	866
23478	819
11862	123
460	638
2173	896
28458	948
352	179
4222	684
2841	775
20254	644
3205	644
560	883
2852	883
2185	393
3396	646
3847	875
10959	740
2388	247
3324	565
2620	522
18916	316
2018	25
3205	489
31326	17
32108	880
37052	833
1192	506
4400	528
3847	887
1080	753
2852	768
3324	422
2388	880
30429	265
2493	766
2323	178
28623	43
2852	846
460	171
5274	759
17124	928
19602	104
19602	800
2458	300
5140	244
32108	986
21216	153
1098	307
1032	93
5326	773
2306	705
18916	203
25008	616
32108	37
1794	800
3708	454
4775	503
23478	622
3205	503
8001	752
33795	518
32108	239
17124	181
11730	799
29369	707
384	639
3355	81
11331	639
25479	707
8400	528
1983	665
4205	694
27124	882
5747	168
2926	94
2867	34
5247	988
3217	475
1750	373
2921	270
11730	270
4425	118
23478	475
2458	316
405	668
530	622
2064	853
1750	485
1983	707
1245	394
2841	328
23990	328
36058	513
1073	451
14814	1000
5716	799
2173	79
18439	702
26857	147
2215	928
2493	510
11331	627
530	520
25479	706
10245	245
1983	918
30797	755
4283	678
1983	792
28658	953
4425	695
33795	695
1750	310
10245	310
10245	76
5747	111
7048	830
28876	925
1245	106
2841	241
2215	687
17124	419
4648	872
14509	103
2826	628
32059	942
4648	768
18646	379
264	309
28623	113
560	819
14509	889
27786	170
12913	989
2458	141
23990	838
560	243
2188	243
11331	511
3698	995
6350	995
2826	784
405	909
14786	717
26857	192
7899	857
384	458
9547	857
14420	675
18337	28
13162	874
21787	808
36041	838
24929	844
2215	456
36263	159
3407	2
2458	820
3217	446
892	456
18337	95
8143	865
34903	95
2451	140
264	17
12913	41
4205	891
7447	490
8400	456
5045	762
9329	253
22697	159
19582	37
36058	23
21877	580
10338	739
2458	757
3073	888
18337	729
23990	404
8143	450
8143	288
18337	193
4205	25
3877	824
2826	124
24399	920
7447	326
423	264
5521	417
405	516
18412	516
3815	599
18916	652
3073	866
5403	250
33795	59
4403	495
1689	417
405	15
5429	787
21877	48
30797	77
11730	18
5429	525
25538	42
9529	18
11406	811
2850	654
405	686
2364	80
2364	492
3205	654
4283	11
22543	50
30555	15
34532	84
34183	586
17223	563
4651	173
352	111
1794	59
31643	830
74	830
3205	888
19251	59
4915	119
5251	241
11022	888
27786	939
15220	477
22147	300
15150	159
11208	858
4924	784
22543	402
26758	456
35704	792
8244	790
26460	291
23351	291
4648	790
14509	159
32059	928
3007	181
7272	807
17124	979
31358	844
22543	661
32108	328
30195	464
9793	25
28876	94
17223	223
27740	764
31450	7
5747	179
34019	36
31851	990
2654	796
21473	979
28876	59
5906	545
5332	599
24268	735
14786	153
2935	538
5326	988
19251	248
14613	195
8001	988
5251	158
26692	979
23351	120
27124	423
19251	224
22268	423
4283	841
9793	834
3093	193
1815	628
4924	755
23478	898
2173	468
3933	471
2528	301
32059	929
13162	607
5251	884
15572	833
21997	774
10828	376
34019	604
8244	753
32301	497
14509	81
20343	708
1750	213
36094	862
15220	635
6742	752
34019	506
31851	190
5543	163
4967	136
17124	83
2853	253
7679	532
15220	83
4924	793
4283	998
15150	266
15150	373
3466	51
1022	319
20018	905
352	651
2528	125
352	243
7679	712
11947	480
26634	39
26758	511
18337	140
31358	576
15572	784
26758	700
18916	113
16792	272
32059	906
9477	54
22798	930
24941	733
4648	143
10245	835
18834	668
32108	842
2654	853
5747	651
7679	543
27124	946
26692	288
26035	254
10633	288
5251	129
1815	319
15381	759
27786	480
20286	659
27124	639
32020	319
14786	127
269	653
352	779
26460	302
4283	116
20018	814
30447	293
18916	808
9922	184
22183	449
5747	149
2493	546
32907	198
26386	417
34019	19
16327	857
4924	723
31851	857
16792	206
5251	750
4082	855
31851	918
18412	255
22543	896
35704	713
27124	897
29195	888
35704	840
24941	955
16946	917
34194	818
11947	784
7679	596
7272	896
11947	556
18916	707
2935	843
29041	21
20286	79
8646	827
2458	650
452	184
5906	48
12791	796
29159	7
5274	339
32907	26
4930	861
3705	477
7679	118
31585	243
5006	243
20778	568
30797	756
5006	625
7679	867
2410	899
19950	816
2446	370
5006	832
5108	997
34956	372
8298	369
3705	300
25382	582
15220	377
32907	964
24399	229
2410	571
21553	377
15220	586
5874	10
5453	90
31668	48
20343	689
26758	65
5108	849
4293	849
1098	823
12124	931
21718	652
17124	190
5520	92
25964	967
21216	967
22183	640
15220	81
1098	81
36094	26
851	368
26049	83
27744	190
20778	807
3247	103
8001	63
17124	889
11947	841
14509	841
1533	287
3205	889
2204	767
12403	214
24941	5
3294	130
25985	502
3384	776
12980	326
7581	29
19251	780
25964	521
1533	853
20343	716
36263	759
4293	853
8274	120
36263	506
21553	593
20778	708
450	302
14509	818
21787	246
1758	252
26758	988
6949	117
1098	258
25808	69
264	802
32108	11
34019	46
3470	11
31331	760
19950	124
23351	885
2710	371
10066	760
3294	85
32015	419
5297	6
32907	946
32907	239
5108	798
37094	489
3384	1009
3078	13
21787	917
5108	51
24399	748
14509	328
26049	16
16176	844
36094	159
34194	844
5520	654
35138	745
4869	770
31002	918
19582	835
819	918
21085	255
25818	214
19950	754
560	762
32907	4
31668	95
27124	505
32907	95
23478	288
19950	762
23478	922
31668	41
5006	179
14509	291
19251	604
560	159
19582	857
21085	488
12403	470
5453	877
31450	947
15220	174
13346	848
25990	888
23478	827
3217	831
23478	830
19251	605
12573	245
29990	39
3181	831
24366	201
10976	113
6641	245
12403	10
23351	245
25860	112
24046	113
15220	546
11730	916
22183	639
30429	627
11984	832
23110	757
7679	551
11730	861
15198	757
27124	694
13162	65
2732	313
34019	372
14509	651
3215	334
28876	26
6641	175
6641	372
30429	509
2776	509
2306	519
25826	1009
3463	51
23767	372
8137	480
21085	654
3698	985
27473	123
5254	852
14638	102
7447	840
17124	513
25860	913
10338	452
15467	73
34194	526
2810	21
7679	476
3215	441
3834	581
4930	65
3463	364
30797	251
34493	132
30797	852
223	160
28876	284
14978	852
22183	340
11208	272
10976	302
30797	614
3181	722
11730	80
33795	917
28873	766
18184	796
34194	312
443	811
34493	506
29990	794
15220	276
26692	797
23351	988
18655	503
22183	147
4590	503
14509	658
4590	883
7272	760
23351	471
12403	138
20633	190
384	255
7048	120
29990	522
384	171
34194	630
10909	721
34194	383
25860	62
29990	4
11984	322
30914	455
7679	454
1470	250
18834	540
13880	263
2780	169
22798	891
1957	683
3351	891
10909	512
27105	662
36263	608
384	149
10338	159
2776	529
27124	456
10629	255
819	151
1789	652
2776	652
14978	159
28873	652
2444	296
26692	933
10976	836
33795	939
5771	898
18834	691
31303	728
10976	773
4924	691
11208	150
25831	849
36924	652
16869	41
11192	849
1124	899
2649	120
18916	983
32059	156
9959	580
1124	4
8914	493
2679	877
11947	961
36491	231
21197	140
11730	950
4930	615
1794	848
2649	516
25840	739
32059	848
32059	193
7447	456
11730	856
22290	689
1878	413
7679	9
1245	892
30429	917
5374	292
4210	888
4930	423
9381	423
17124	840
28520	664
10976	21
1124	423
32907	641
13667	190
29250	69
22290	806
24399	926
20645	12
34647	48
5782	296
24941	212
878	888
21085	850
18451	279
19582	65
7206	17
24664	757
17920	811
25964	811
17920	376
1084	384
22820	190
22807	237
418	407
19602	280
10976	318
2679	74
32761	25
2722	71
10338	178
32059	25
24664	870
17557	310
36263	684
18646	817
365	872
5326	261
3351	959
16532	198
25840	886
8143	8
17920	858
27705	988
2649	988
3351	746
37055	984
27124	147
36041	145
1697	67
4643	255
35062	311
733	300
13162	759
11947	638
20778	995
2679	449
25964	701
1084	896
8143	150
195	620
423	149
36041	475
21787	33
17920	955
29250	761
15220	291
30797	996
8001	759
8001	784
34551	996
34194	680
2679	287
7133	96
1273	255
5856	255
25831	316
5543	718
19251	718
9381	622
32108	825
1124	62
18184	383
2855	200
3933	500
18184	500
36924	322
1124	322
22798	241
317	885
13162	1010
18834	766
20343	1002
19251	935
1124	521
4590	1007
11022	226
17124	753
9381	343
1240	511
19950	1012
27786	123
11658	123
4208	243
11862	373
18337	373
18184	167
8914	167
1960	139
340	605
31464	123
26460	102
9381	513
5748	45
24399	353
3933	227
11730	284
13548	997
1794	175
32907	254
27098	288
7679	998
5856	770
23351	997
23351	26
35138	665
5750	161
24245	750
7679	369
19251	899
18337	899
1611	627
22807	284
32268	22
1465	105
7447	653
18646	319
35417	989
32059	101
577	581
7679	170
13548	39
15198	700
423	39
3359	113
12791	249
17375	377
10407	650
10245	605
8531	816
5856	455
19251	504
3307	979
5326	255
1750	59
24399	996
1070	10
26460	3
23789	296
7878	974
21085	744
3205	59
5045	237
21787	198
12124	404
20778	315
26758	912
25599	621
13911	610
23218	148
7048	41
24046	268
13667	608
8646	381
5326	268
5096	234
17766	806
10779	766
1032	811
25538	153
16556	811
3847	250
15220	359
6949	984
21085	310
16800	605
1487	684
23218	76
17548	996
30797	627
25886	277
14638	247
17736	858
33733	0
7272	902
10116	704
8804	4
5045	675
14509	497
18337	936
22678	513
27124	1010
5496	498
14509	623
30474	925
560	314
13667	455
15898	1001
19251	392
729	229
2841	69
8143	69
14638	638
2528	710
32059	133
33376	826
13062	65
8974	117
19582	252
24879	273
30429	353
26692	568
30797	480
3746	361
25599	493
7899	16
5326	917
15467	917
929	988
10338	289
17548	868
13115	935
1750	830
30474	592
36248	62
7878	799
10144	666
5496	161
27124	69
12912	448
10779	389
34194	431
18337	271
14638	752
2493	122
297	753
15220	288
7899	36
8001	29
19251	328
31370	13
560	886
3217	853
406	178
21473	21
7272	208
4412	205
18709	163
6786	65
31643	846
2493	316
3877	29
24879	986
22678	427
20286	65
32059	918
8646	696
23990	761
34194	468
24879	33
21085	116
26460	786
5027	291
18916	291
17548	480
25840	784
14436	849
1070	716
17124	65
8646	152
1364	898
30797	556
19251	650
18916	169
31643	263
28566	593
5680	669
11755	134
34493	918
7899	794
15198	61
7272	644
8137	808
15150	120
19251	652
17548	883
30797	662
8143	918
167	265
1030	346
1080	15
21085	780
14088	639
17223	65
18916	164
14509	318
3736	989
31643	173
12206	173
7027	265
28458	65
13911	583
32907	15
3217	206
458	161
6949	996
34194	754
28833	857
6121	623
37007	665
6851	97
1782	725
4222	937
12522	419
23478	990
12522	669
5297	181
3058	1002
18916	297
34101	634
15467	150
18412	988
18171	884
21085	11
18916	628
7679	1010
18916	167
36534	759
12909	935
25886	716
14509	885
2436	878
6742	704
460	497
32907	989
36255	509
14786	1003
20778	471
19251	94
19251	887
12522	62
2185	275
5297	355
26049	509
11947	116
30429	988
11631	988
28973	929
7545	65
3205	703
1054	2
4915	588
7272	588
36255	492
13241	934
2845	983
15467	243
31459	981
27124	513
2436	384
6786	326
25990	216
12522	927
8064	793
384	88
20949	929
19251	119
31851	120
27960	153
36534	867
460	662
15502	644
12124	973
12136	898
2826	298
24850	720
2529	514
25990	273
37007	563
28119	811
13154	456
2845	811
28192	123
34493	811
15502	123
36534	346
33448	346
11658	811
32020	774
352	525
30748	199
26692	917
352	279
18900	172
29118	29
25990	877
18900	21
32108	21
19421	98
12136	796
30797	638
23351	739
30429	1002
21787	297
2845	269
23789	130
11658	667
1689	815
18971	908
14509	676
30429	841
25768	879
6949	807
3058	830
2185	391
6949	853
25412	755
30429	149
19251	755
15467	881
2215	317
15467	100
27124	100
2493	423
34302	514
27596	1009
2855	194
4590	998
17506	194
9618	697
3847	88
19902	444
2064	637
4186	662
30283	779
32108	975
15820	736
3616	203
22911	46
352	239
13432	217
12799	853
12580	326
36244	326
25806	302
2926	853
22142	722
25068	253
1079	1013
18233	29
2855	29
2310	451
19868	340
28566	426
20778	321
21787	21
14413	19
3058	986
12621	18
651	18
1086	18
32020	639
7679	279
32108	296
29775	995
4379	68
1195	185
26258	582
1195	168
21085	793
14170	230
15592	229
15820	710
3217	553
31055	620
4429	930
10816	269
2855	145
9618	807
19868	738
37097	938
31453	1007
27596	141
21877	36
11947	370
4379	763
20446	94
19251	297
25840	990
11278	356
23218	658
18030	348
21767	409
4917	599
15820	821
3217	107
3847	171
4379	883
4562	17
2855	315
10909	315
35858	17
4924	23
1195	264
22911	237
4425	689
15220	689
733	156
23218	295
15128	83
2310	100
29949	931
7679	259
11947	65
11943	2
34019	801
30429	985
32020	480
4379	870
18870	735
23351	531
4186	497
8836	255
16273	825
24574	844
20949	718
12799	290
32731	13
31055	918
31879	792
14400	310
1618	643
11278	506
20778	316
14413	816
19902	706
30429	987
16162	845
12580	870
31453	255
5696	75
18646	723
7679	988
33452	606
26692	885
651	819
4283	996
733	322
2493	607
3058	988
3481	318
11614	939
16800	757
861	641
2244	601
6499	124
29369	551
21540	502
14364	862
9618	456
15529	249
20772	848
22820	482
15220	538
4648	787
35851	662
19227	790
35176	669
16483	291
1730	898
23351	161
294	250
37086	637
16800	797
35851	747
18875	790
15498	164
33052	123
34493	816
26389	465
19187	228
20276	969
5433	8
5591	163
28519	163
20035	198
4638	773
5337	288
3481	19
12917	520
1689	233
8646	679
13162	609
11730	214
896	51
21540	843
2855	834
23552	770
4108	297
31956	297
2972	42
34873	297
32592	97
201	843
2921	753
32726	15
29396	710
8859	145
15467	209
11338	626
21540	284
32108	712
24066	199
15498	916
2921	684
34478	491
6770	853
352	364
11658	246
35176	387
18007	199
22147	273
20752	672
22147	28
11658	912
9329	241
10181	733
11338	75
27124	277
31742	255
28567	414
4822	39
25167	484
4930	61
12704	621
4170	759
22371	695
27124	780
10181	817
4567	928
8859	1010
3737	1010
24574	928
6499	146
17585	146
18401	887
13191	704
2185	328
27124	825
35417	693
37086	363
11338	558
25167	414
33881	113
2647	18
201	93
15498	888
4930	888
35176	665
29369	888
260	102
10485	917
4040	690
1329	664
26889	818
27124	524
13062	524
14509	427
21473	448
16869	448
7679	495
16783	495
2722	947
2921	577
779	722
14002	18
2143	901
29369	81
21540	143
1329	622
29369	659
28502	856
19573	48
20772	824
20276	152
16201	786
423	973
29369	740
6053	315
8646	516
34834	315
4934	242
17889	477
31879	59
24574	59
28365	236
14786	65
1621	65
26889	568
20772	141
2215	646
35851	58
15467	165
18926	165
3885	755
21085	705
8676	823
23446	767
7447	620
19728	370
35489	391
29369	511
31233	392
20276	216
2647	368
21085	521
847	498
16783	409
2921	264
25382	676
12704	312
29287	707
16783	553
23090	671
22147	40
1621	811
31990	103
35851	24
121	858
6271	961
36386	280
29369	384
1750	170
352	475
2611	10
15498	867
13553	758
8859	118
14674	619
6869	655
3014	832
352	215
12621	885
2855	899
11338	657
25222	811
20276	23
6869	84
12406	433
3769	423
10736	423
4598	771
26889	644
1444	644
24574	120
8859	120
4822	4
15467	4
2972	120
34141	217
21085	800
28502	84
31496	765
12257	771
13957	182
4005	44
8400	123
4363	23
18893	843
35176	9
6011	860
30797	794
23471	192
3885	984
3933	676
17124	999
14082	261
12971	243
17124	183
6993	34
32108	101
23471	157
26692	958
9490	724
31786	832
2184	254
936	912
18337	513
4005	676
29789	973
2533	83
34194	48
3205	883
12971	152
17124	456
20254	17
1366	456
31496	65
11208	487
23471	603
18893	284
2173	313
13190	255
19547	1003
5515	134
4590	12
16072	171
14786	659
6011	217
1897	264
27124	312
33967	165
4930	686
11208	853
15472	654
11208	803
878	626
33725	69
5326	69
10236	69
4005	64
23471	460
23351	570
1897	469
2935	185
1192	770
24268	651
33005	524
14509	432
14786	424
3247	39
18916	423
18834	583
18893	567
4561	981
27185	920
17124	1011
19902	719
32578	888
8646	102
33896	917
273	917
2001	613
3525	4
17057	818
33005	688
15472	180
1399	653
3507	653
3507	411
1192	784
2184	4
12971	4
14786	604
3507	825
2173	173
17538	405
3205	643
9490	432
11208	142
34621	195
10588	195
23990	226
32108	679
30167	58
11885	241
878	414
2184	39
3205	954
14509	91
10245	706
9490	305
4005	696
4032	161
3247	291
1399	145
16781	925
18916	510
22798	510
940	760
11188	759
3247	241
11098	41
26944	41
6011	343
35176	46
9490	979
18916	457
4032	828
2904	811
18893	665
14786	407
17375	500
5326	845
34906	763
4930	998
3507	621
1399	903
14786	843
24149	710
23968	651
352	427
3247	229
32416	884
24574	505
13841	21
327	299
2885	41
31708	923
23351	65
3247	939
16252	811
3217	811
15780	889
34123	228
36094	353
33770	440
16284	586
2885	193
23478	406
34454	536
8792	934
24574	577
28520	794
36441	942
3346	771
25079	888
16122	7
23478	407
2018	407
3208	0
2762	657
15368	173
26758	489
37036	273
13841	181
2206	184
4930	521
30857	387
12227	97
26441	598
25840	18
5768	655
30797	502
2984	668
30797	418
22183	423
8417	186
6105	551
24268	966
3346	967
1904	309
11766	310
5556	639
19251	639
11364	918
1623	171
12549	918
18554	121
2885	36
28502	797
23351	262
23478	371
352	24
23478	846
35360	376
9734	652
17124	54
26441	435
5768	515
4590	108
2885	26
32275	471
20375	716
27508	716
31464	616
16904	669
16904	925
1345	80
560	123
269	307
2496	40
21085	254
19942	990
2856	494
30429	118
1794	143
6718	383
21085	133
26401	196
21787	457
27786	953
35359	1003
11872	112
11177	7
10338	874
26401	918
24400	254
31464	497
2856	449
3346	277
6766	806
10338	97
7447	215
36597	97
27893	242
4930	168
24787	48
24503	13
15481	48
1985	4
1808	811
24217	574
28566	216
7565	154
10401	978
30429	811
11872	36
27124	51
365	149
2707	710
1273	973
10485	695
1335	410
881	783
30429	530
5219	924
31749	650
20286	811
11872	108
28566	145
11872	877
21085	1013
1904	646
34847	278
2384	679
2152	169
3847	1013
33717	910
1935	888
1129	336
881	794
3500	195
2528	447
26329	179
11872	935
18412	237
26289	796
3933	353
26329	917
1345	324
27938	220
20778	488
12124	79
20778	693
26744	385
27938	249
27539	367
26744	384
26460	384
26460	853
14978	544
10909	54
18807	284
1428	314
33155	662
741	918
31002	911
2984	733
12124	368
35704	91
14786	21
22183	159
14195	580
22183	192
24675	29
5920	560
24675	943
24603	531
17676	558
28566	327
5920	646
1428	214
26082	918
7272	646
1750	211
3847	319
4184	803
28566	857
33155	803
24675	976
25259	506
2215	882
34573	97
13162	710
1260	653
14786	513
7097	948
17676	649
29817	89
14978	637
35331	899
6035	849
33155	106
19037	17
30797	933
11590	811
1817	13
27786	858
10890	984
18709	4
14470	315
1345	173
25964	794
5920	222
28502	958
36263	816
21787	820
18709	927
25259	652
6069	213
34307	251
26460	80
26692	296
27938	941
3399	296
18709	832
26744	138
1260	478
957	175
7097	244
33155	757
28520	333
13430	962
2611	94
33999	521
2306	43
21473	922
33999	689
13588	917
2306	562
2173	314
13588	198
28502	922
17528	353
13430	277
19393	580
19421	226
33999	800
22183	317
5964	593
7369	616
26161	616
33999	269
1683	477
19393	646
8143	134
35739	723
8113	896
23351	986
2355	123
29847	841
5090	673
25808	450
23351	976
3769	282
28520	143
13588	654
32059	653
25768	273
20446	373
2306	209
1685	853
20950	576
2611	161
3962	172
13588	1009
18834	900
20740	374
13588	544
15494	796
1758	120
17528	120
1758	100
5470	244
1815	149
29088	4
2306	176
16532	763
437	153
22171	621
14479	239
26184	765
20920	886
21540	401
7048	811
27124	867
8143	586
22147	738
481	759
1192	818
22171	151
11917	214
28502	639
352	539
5383	22
18623	188
1483	317
3616	263
30429	832
13664	710
36195	649
15729	895
18927	153
13690	298
5383	34
15729	580
8143	498
8143	384
11947	284
27283	97
17572	887
4329	918
2597	510
1483	407
5383	48
21444	736
14509	704
18623	241
23478	173
32108	498
26460	576
1483	948
23637	608
1483	655
34123	849
15729	792
23478	182
31052	607
352	568
1192	776
5383	680
19251	637
11658	465
7048	48
32020	707
22147	74
11658	661
28153	84
17124	444
11658	401
29365	137
35417	236
14017	244
31763	995
22147	255
23351	61
29920	36
2274	645
11208	246
12079	574
32020	182
3275	322
32020	670
32020	910
2259	828
3275	328
31763	391
13664	200
3470	167
27700	252
15042	350
17124	154
35417	215
452	603
3279	980
12150	353
2215	186
19582	139
21085	393
19582	245
29163	844
24268	604
11111	1010
3026	606
109	911
20163	353
560	309
10859	309
11111	759
4794	92
19582	104
19582	167
34493	391
21085	422
4794	962
3205	7
4104	48
37007	13
10859	866
26103	86
31331	212
34493	456
10859	368
26692	888
37007	119
8244	877
13441	659
26692	71
11111	710
1749	744
19061	457
29917	828
13311	950
18109	724
3463	747
8484	761
32899	890
4462	210
2066	758
37100	589
32536	584
27002	547
29484	934
28566	956
37100	31
28566	994
28566	368
4283	303
36203	9
8703	500
2697	1006
2981	359
729	472
7679	120
8703	883
28326	830
4191	909
13827	402
2173	36
28566	811
3933	671
5886	857
16568	267
4032	318
30065	912
28566	742
12356	580
2946	199
22024	988
365	313
12653	314
13475	849
12653	112
365	959
2934	928
20018	766
365	632
3840	213
3877	21
7844	321
3877	296
7679	419
4765	233
1815	918
2493	878
9277	109
30486	720
1470	413
8432	967
3834	704
30164	794
1794	625
36802	34
4299	934
36397	58
29673	264
8432	40
10699	184
1192	491
10339	268
22403	721
33095	182
22254	905
3355	310
30517	986
29771	616
33108	226
8432	314
14289	811
1663	676
22438	116
3840	56
30614	53
8209	184
30902	297
4123	707
2528	80
11880	133
5569	669
22093	297
4370	21
2321	1002
22093	754
17786	934
481	758
1224	758
22847	510
5070	63
19666	768
2143	414
35403	5
6652	759
7447	307
27830	291
5569	371
6869	767
2471	251
17235	794
2056	251
24690	906
36534	328
2528	718
25001	187
2283	66
16231	812
6134	956
5268	872
36534	841
22093	26
1245	71
2679	757
9547	848
25538	643
21085	959
6317	714
6869	714
13886	639
31686	938
8952	885
27776	689
14786	310
12183	980
2855	94
16869	297
8143	870
2921	556
2855	197
23838	593
5520	849
26758	966
6869	610
18916	295
13432	236
21877	264
11208	18
1794	18
20778	733
8952	936
11183	762
12512	167
4930	292
3072	7
19873	293
30548	194
30797	214
31851	781
23351	779
32108	651
2855	770
1003	632
34834	346
34039	606
11403	961
12512	264
30797	143
8446	853
11396	853
21877	384
1245	466
9529	947
6786	120
22798	53
8143	147
22723	514
32978	186
30253	147
1101	947
26049	536
13886	254
25691	437
31879	1010
3081	677
6869	227
7619	675
21877	385
11183	928
1428	255
11022	716
20167	1003
21758	918
22272	134
8646	315
27329	898
4590	263
19486	554
6949	140
30548	189
18916	290
1245	78
7679	912
31668	26
23763	164
31879	35
4590	123
31464	290
6011	702
18916	301
27776	425
1166	166
31331	830
2942	912
19721	255
21787	816
11947	760
2064	132
22147	665
22183	407
5045	670
34493	988
32108	628
32059	35
5045	112
36094	427
7679	427
25769	884
18250	138
384	21
2496	290
6780	803
9547	172
14509	580
19319	193
25808	928
18778	928
30429	327
35100	168
14509	627
30251	265
10338	143
28876	241
29085	134
12392	766
15177	252
26744	783
32060	252
22953	154
19971	857
32108	224
33541	522
7679	22
22147	641
19251	61
16029	226
34906	830
18250	277
30429	67
32108	253
17124	518
10338	229
384	882
36041	376
18778	52
33764	937
16677	398
34493	841
28863	26
33783	17
19775	870
36223	140
5853	853
33783	665
6869	929
6936	835
30797	14
20949	624
4086	956
5853	776
21787	504
22059	100
14436	885
5058	255
20949	239
20949	61
22183	233
352	437
5856	64
26049	531
11076	235
36431	669
28863	586
5782	886
26049	753
21216	486
19251	828
3217	348
24105	36
7899	310
11449	185
1750	69
4065	276
2754	264
1750	559
27124	307
13189	786
34350	906
3933	48
2713	387
14479	905
2754	990
7899	219
3933	17
2713	669
27124	241
7849	80
13441	841
13441	1002
4065	23
7554	730
4065	793
8640	910
31879	134
7554	1010
34350	50
4762	24
13441	25
34350	310
34650	74
4339	39
19251	298
34350	74
34350	95
21216	113
2590	31
31643	735
15722	203
26400	14
34808	665
3217	946
11208	503
3217	327
1689	518
29856	349
25362	662
32978	120
20163	132
32059	873
33386	159
5059	755
26537	837
14509	643
12275	584
30429	570
14509	98
32108	929
32907	1005
22980	796
14758	48
36256	975
2934	975
2934	526
6727	84
17124	629
3976	326
21085	607
31476	628
10189	675
19432	821
19432	794
34194	201
32978	987
12791	295
14509	854
8244	315
2143	189
7272	575
13062	319
30797	918
461	66
5445	419
31476	247
8064	811
18451	157
3976	928
3976	251
2934	448
4562	608
26537	555
17045	270
15386	184
5226	29
5059	41
22980	41
6766	897
4590	973
14786	46
7545	213
31003	706
31358	311
12791	288
974	199
19251	697
24268	267
26870	419
352	732
27124	215
22715	771
16945	217
8914	73
3739	644
931	634
5326	100
17196	101
14112	17
3739	852
16945	956
18709	488
26845	140
4822	326
931	626
19251	844
15220	328
22715	701
33791	716
437	125
15150	463
2143	299
5326	621
23968	633
11658	747
11634	85
2676	195
17564	51
18916	362
20453	863
1617	823
2916	848
2458	986
5326	159
22144	8
29100	327
8274	26
33108	26
31122	282
27290	243
938	976
19251	319
3547	697
34019	697
2654	837
2654	317
36004	216
32108	2
25629	759
32692	528
34194	641
32216	907
2654	584
7987	749
30334	284
34512	929
19251	33
33640	195
27290	867
25629	19
527	326
8274	29
32692	932
26257	477
17963	789
26758	53
33640	60
30977	684
26257	849
19251	168
26758	521
7272	735
27290	563
413	665
13162	898
19251	763
1400	320
297	573
28566	201
23838	182
3205	164
34448	247
21856	66
34448	192
297	182
32020	604
22342	67
21856	129
26212	775
7447	18
34512	174
12099	123
23838	667
2143	896
830	217
4821	785
32907	994
3421	830
19251	967
4363	270
13162	925
21997	798
297	59
4227	432
32108	3
21473	245
14786	928
297	10
14479	629
7706	228
36996	252
36573	812
18797	817
32020	960
4716	934
1689	988
1259	60
8274	147
10338	29
27601	134
21085	919
1245	241
34493	674
365	359
1030	774
33164	318
28204	168
1831	336
26504	255
11342	199
18145	1010
30902	771
34906	879
23478	290
34015	597
21025	858
13557	703
25474	794
22941	178
3933	992
907	228
28500	896
23351	277
9982	454
1433	627
9157	213
7909	310
34015	535
21787	137
12913	21
20752	95
27801	707
24295	297
4895	124
1433	446
10728	415
18916	261
10002	353
527	716
34812	774
2919	885
2919	870
14315	48
12124	684
3976	758
13162	904
13634	758
34236	163
3592	593
36401	26
4248	248
15435	832
7679	119
27292	216
13162	327
2919	657
27124	736
31224	379
31000	864
1749	54
16532	740
14131	726
19222	681
460	690
20499	684
19222	255
5045	823
35488	794
22739	511
2845	999
13054	947
2817	51
19172	186
28566	184
28566	29
32108	731
7679	888
19251	934
18174	615
32669	659
2921	989
4895	632
26049	345
36263	319
10600	938
32843	4
17124	102
4283	848
24103	354
4283	13
4590	882
16354	21
3359	407
8914	966
31814	896
22319	680
17467	12
1689	706
26049	237
19030	827
22715	102
36517	103
26049	816
3203	266
4823	328
22319	243
16735	7
4930	685
22034	697
4823	647
14479	4
36129	806
22715	326
729	276
17467	280
30052	69
26049	857
26049	69
14479	861
352	84
4930	84
19030	502
36517	502
18804	186
24263	113
13468	915
19030	435
36005	929
28063	13
21787	318
7272	524
1977	255
2493	978
1977	108
32108	792
20018	153
35417	25
3463	845
25837	811
3463	882
3614	882
3463	313
16532	480
14509	988
8143	976
30520	784
28876	784
2493	153
3616	393
15198	319
36800	853
34737	179
16532	791
3463	862
36005	517
36005	214
28876	1008
5873	284
30520	480
19844	110
35704	237
21787	277
31358	339
14509	906
35704	242
2619	822
23351	710
1977	673
28502	567
32108	934
352	857
30429	135
481	320
20778	875
31358	215
21787	914
18646	870
8326	265
8646	321
18916	939
20778	143
21085	954
30520	123
21787	911
5578	811
28502	607
2855	922
35417	1
8143	78
2792	224
23351	840
30429	990
2493	512
26692	897
25314	41
5578	886
2493	707
3226	248
4283	849
32485	723
34194	565
9644	840
13690	234
11104	670
16609	13
34737	605
32978	920
5873	630
14978	290
111	4
14638	290
13284	173
2493	172
4767	767
2855	371
2493	706
15220	900
1166	199
14978	54
34847	261
33632	708
32020	158
22183	186
25538	852
1016	54
3205	846
3732	582
14786	925
9598	290
2493	310
18916	145
14786	67
27511	779
29369	697
13548	863
13548	800
4648	898
5853	168
2364	110
13667	964
29956	404
32108	869
19971	271
29942	998
19251	601
28941	253
30797	161
21085	820
4222	194
7899	318
11111	134
33072	954
10815	318
1867	808
1016	322
34847	18
1967	18
26692	397
384	182
29369	765
23351	857
2095	962
21014	315
14509	816
696	816
21085	849
18250	580
2493	849
25808	653
25538	805
1016	48
6742	211
33155	321
26692	189
26371	978
15652	164
6766	934
16800	873
23351	250
23478	706
14722	321
22415	707
17797	183
34493	173
14509	513
7272	513
14509	25
31448	830
7272	918
8001	996
8120	689
21458	801
33071	121
3769	345
2173	460
3933	660
11492	791
23789	349
36558	214
18250	918
22415	277
30797	239
8166	102
2173	203
5282	201
18916	372
3933	803
14722	318
8120	66
7272	502
7272	806
3259	289
30429	976
14722	37
4737	941
3078	138
733	697
20481	4
16456	750
30052	243
30797	309
33518	60
17114	531
18250	530
26460	355
32108	142
18301	986
7447	986
15378	290
36041	48
18301	48
36263	328
7206	255
18250	19
31542	197
1368	169
4737	769
1016	69
5274	59
2185	650
1410	295
8001	666
1016	184
6949	710
30429	460
15891	548
20481	754
15891	740
21458	419
25746	265
4737	703
733	159
4222	198
36041	50
4737	762
26345	147
33808	793
34162	181
18916	39
7665	79
27075	614
1815	797
25330	315
15220	841
5429	10
34194	346
3834	547
32108	627
27075	808
25222	392
5429	59
31279	807
5853	663
12169	11
4016	312
32130	872
1815	326
22739	588
3966	159
1815	686
25793	713
2826	290
18544	309
12169	989
35679	1010
18090	36
1943	514
36220	178
9779	239
32108	697
32108	71
24199	150
9381	725
3664	486
5620	277
24199	165
34737	8
28834	929
2370	888
5339	269
9381	18
9529	181
18477	201
12102	201
29128	17
1544	832
26758	354
3664	29
17223	894
26460	995
507	900
9529	749
21968	456
27075	327
19251	274
21197	141
2826	586
9381	313
12169	317
31124	318
18337	19
22697	8
25348	161
18337	900
25348	250
32020	471
5397	790
21473	340
15638	214
4924	290
5038	810
23789	103
5747	832
559	150
13152	194
559	165
25116	884
2009	247
18337	371
1368	123
912	840
3847	423
17471	781
2847	978
20949	516
10424	8
7206	576
5498	328
36959	13
17224	686
2847	843
19539	794
4436	990
3053	941
19539	291
3416	940
3847	556
14212	419
33935	896
21037	61
2493	15
712	896
2921	298
24399	830
16948	140
703	797
33795	164
4924	806
32907	310
16658	294
3652	651
3652	660
3652	5
6440	896
6440	29
4068	195
839	274
33795	54
33470	290
13152	980
18916	810
36092	662
16658	345
24302	657
6440	961
20286	150
20286	793
6053	619
3523	211
33423	859
8696	666
6053	607
24413	754
4930	819
6053	642
923	253
6053	538
16290	726
10109	696
10338	316
18250	266
32742	116
9547	11
26049	620
2673	882
13405	35
5332	649
7679	308
13405	19
23118	456
13405	353
2850	197
35704	970
34174	731
13405	877
13405	63
13405	880
9547	15
13405	37
14509	842
5090	416
10360	444
24399	715
24399	531
24399	423
4922	669
31444	784
26597	868
23789	65
16176	938
16176	250
2274	653
14312	145
4922	973
14351	2
3763	54
22588	936
7272	101
4922	912
3592	1013
10338	514
15659	43
19501	138
9242	263
14511	929
19501	101
9242	758
23478	18
20295	765
26758	58
17124	798
24399	373
20278	997
18697	164
3162	761
21197	761
31307	205
17124	333
30031	235
20278	241
30636	21
14057	811
10507	767
16428	57
24399	863
3871	307
10338	620
26758	585
8400	74
2654	644
31307	885
17124	277
9338	7
17124	628
15004	83
2654	83
2905	325
23478	939
34039	223
23478	987
14057	65
14786	149
6255	749
1926	7
1689	216
14015	187
13441	79
2493	254
35856	863
20343	353
32127	21
13441	761
1079	1003
17169	423
539	740
23351	877
2975	213
6557	936
20343	178
2140	736
352	21
32527	113
5022	791
11958	779
3384	215
35100	862
35552	373
35856	920
5412	840
2487	894
17625	210
34122	547
2493	73
34834	735
2493	300
28876	899
16166	7
5617	21
3885	118
12573	307
15019	254
5011	307
13062	924
21877	531
21085	197
21216	1010
4639	327
4639	34
999	924
4327	593
4895	326
4747	918
27124	743
29165	918
23478	250
34342	326
4363	997
2934	765
5011	18
1686	929
18264	123
23478	199
4747	83
793	423
23478	178
3064	708
9466	912
3064	181
15739	816
12403	100
2934	537
2934	634
6255	822
20778	1007
7270	255
437	890
36263	872
14615	1002
9598	752
5110	597
5246	755
17609	584
3383	858
7206	872
20286	938
17609	165
3217	918
7270	254
7270	313
3463	974
290	65
28004	581
24199	684
290	506
30955	828
418	765
15150	821
35317	150
352	774
32108	303
14466	725
32108	246
4327	147
34575	161
18916	963
3708	793
10338	242
26656	786
34847	31
19011	743
30113	315
8400	277
11160	873
32108	696
11160	954
36217	168
2302	4
19181	4
5045	664
17235	45
34847	318
20244	709
30113	10
23351	477
30113	164
297	572
30060	157
22715	613
19473	9
14351	884
22798	870
29847	355
12403	941
34342	84
15083	821
17548	928
3594	765
22332	310
29847	75
22798	808
821	108
18916	995
14351	823
14895	866
10633	268
15073	479
26655	864
26460	972
21085	785
8244	168
8400	789
8400	4
32527	972
15073	621
23106	243
36680	938
7422	24
14895	860
10082	312
1569	629
10082	675
4035	999
13338	725
2215	278
36680	99
5696	352
14965	967
8400	710
8244	393
663	265
23351	224
18916	255
11208	255
19916	255
2978	934
1051	939
12423	255
36680	793
15073	484
12403	1002
31436	14
4590	935
32108	534
14786	897
32262	297
14786	573
3113	769
4915	48
16428	69
2317	758
15198	100
11517	346
15906	861
8914	457
23351	928
3459	290
4131	123
21014	704
3113	69
8541	206
11208	84
5010	697
23351	128
23478	620
14786	476
4915	735
14786	339
2926	266
3113	229
17724	250
10837	743
32108	432
32108	476
26220	268
7679	194
564	748
4677	242
5570	799
7424	874
3548	434
5570	864
25949	640
3247	197
289	653
5726	511
21935	608
24021	584
22739	996
3548	417
3733	51
3548	884
35704	1003
31163	248
3217	666
4966	907
25949	626
30	626
14613	597
31163	852
17626	884
22618	31
3005	135
3159	890
10060	50
22739	241
10199	36
14509	184
27461	189
9729	185
33987	123
25840	789
9381	98
1864	294
4924	863
24976	172
5538	353
36519	927
3481	559
23351	104
36263	863
32823	201
17990	963
8400	190
1758	975
4930	122
37101	152
10474	21
12761	726
14509	314
15772	100
22798	119
14509	1013
1844	108
5268	784
32108	248
36852	178
12761	676
32823	254
5538	878
1864	958
5268	879
2654	966
16802	942
3481	243
2549	874
5053	675
27874	61
16361	218
30428	41
10260	239
189	728
189	628
8576	958
30797	745
5790	273
8137	1009
6923	80
7899	873
30996	229
13442	312
5790	79
5790	19
2987	173
2934	149
5245	209
30429	805
33685	653
5580	626
26049	885
30087	373
5270	986
470	726
11208	152
30797	940
2370	986
2934	841
2584	9
24682	803
26293	884
36721	873
1345	213
5790	658
12276	722
273	873
8158	485
28876	345
32501	1013
4283	376
6237	962
33438	244
10006	989
12924	29
26386	689
9413	689
17962	929
3909	167
4587	762
18829	799
5790	603
2020	146
32501	289
23351	765
6980	2
36578	986
5270	928
4283	291
24682	158
5790	927
11495	538
5790	617
27411	302
2926	166
5999	326
5506	206
384	90
6980	438
460	77
2817	262
20493	800
4746	213
4363	735
21847	153
3847	793
13762	838
3847	873
17124	290
30187	427
35149	186
26218	58
16099	84
22147	916
22136	419
26386	350
3847	444
3705	766
20493	243
460	766
22723	580
1273	870
13762	369
25964	318
18475	123
13120	248
19663	151
35187	6
13154	896
25985	123
14748	98
17124	877
3217	986
26218	63
19663	143
31234	684
2817	799
352	710
27323	990
10245	201
2679	88
31865	158
21289	710
19701	980
27290	896
4193	912
12124	620
405	669
3043	252
12124	247
28649	723
22723	477
3847	100
12124	916
21877	667
8310	912
36791	253
2817	887
31726	290
1049	165
21289	888
27852	846
18291	521
5578	29
24399	753
26369	908
2817	652
1049	69
27529	294
5578	889
405	757
7026	626
971	626
1762	907
20778	971
1750	150
27159	24
26049	1002
1218	372
63	243
2984	980
18996	775
28566	62
21866	127
35589	878
21866	928
34386	777
1470	315
3604	925
12821	313
32761	248
36680	758
12791	158
21085	620
19251	817
13315	801
18996	913
21085	193
21085	209
1694	862
1694	525
35589	789
7697	415
974	446
974	157
15129	212
18382	964
35725	791
3463	553
12913	902
33646	36
1192	819
20065	988
12913	643
3769	532
16953	979
33423	795
34599	749
3769	627
3553	761
5790	846
13087	990
28855	765
5119	779
3769	249
3205	237
1166	978
21197	344
4612	49
18382	876
18871	278
3769	516
352	752
18834	209
15129	49
19011	235
3384	195
2384	964
35821	998
5090	747
25756	745
8001	745
5090	80
23351	998
1490	150
530	183
23351	717
20383	266
20383	729
31703	116
3769	158
5090	880
3769	986
3384	249
3769	977
8001	263
14786	917
3481	315
530	969
8001	762
3072	371
35821	834
3072	849
1162	214
3481	877
18834	26
1624	947
823	853
8001	708
1794	898
8880	502
12169	276
5620	398
12169	794
16261	244
18916	209
4094	294
1050	235
1050	927
892	884
14803	819
13473	734
2483	803
2530	295
16261	269
24268	655
13473	811
2530	638
24268	407
12169	270
21408	769
2782	316
34647	284
33771	754
2528	53
2782	883
12169	657
2876	838
5620	783
4433	942
2528	313
5620	919
17124	1013
834	264
2483	379
974	891
16261	659
24268	633
32907	962
15096	697
3877	961
36825	961
19612	708
7206	943
4116	748
11208	736
25137	330
1444	9
23990	229
750	54
2496	4
1016	278
15096	441
28502	494
36041	16
750	603
21216	925
36094	80
750	657
10970	844
24512	974
23351	1005
19942	196
2355	109
768	865
26758	930
36041	878
1164	140
15220	531
18301	216
30797	813
18916	373
8143	30
1444	69
18301	954
26049	947
3384	613
22618	251
543	983
18301	140
7206	264
26460	19
2528	134
11658	903
12522	450
11700	328
34194	887
32330	284
2921	807
7447	19
13405	883
11658	865
20778	853
20842	762
19251	21
22807	1013
22798	190
1532	7
10165	291
20842	869
418	952
22798	19
4760	689
2563	887
21571	811
23351	512
2493	213
1345	811
2493	214
2855	786
19942	277
34194	534
1428	4
9061	655
2173	666
27443	728
25427	168
7447	583
2493	26
29250	650
26460	29
7447	812
3785	827
23351	0
2493	48
29250	979
26758	5
19251	414
35589	511
10165	696
5496	765
2370	896
19181	324
13690	294
10976	99
22183	779
9635	796
19181	774
23351	769
10976	280
13950	966
10144	7
22183	702
12169	914
10245	66
12573	150
7899	901
11552	769
17163	301
13326	878
23856	488
1242	765
12573	765
2493	230
31576	788
25840	899
13690	716
24217	940
36094	750
35845	878
1345	789
15220	653
24399	896
269	861
29242	927
34138	315
36094	232
34155	736
19795	187
19971	839
10976	129
12573	248
6633	620
2545	105
12043	26
18916	873
31576	951
10779	801
269	918
21085	685
3652	534
20505	852
25840	26
15220	777
19775	863
17276	205
974	925
17381	144
34192	282
19971	783
15220	740
11076	819
24399	740
21786	186
248	171
26049	803
19251	276
15220	986
32737	864
18916	902
2352	866
7679	803
2451	793
31381	665
26982	96
4930	642
550	5
32737	902
12665	4
5420	767
10633	344
36534	672
3205	249
36263	137
26758	916
21473	872
4293	938
13747	4
15887	522
32737	978
5897	178
15887	614
34794	822
4930	568
3270	21
18123	306
4363	639
3885	183
35804	829
36255	789
4930	290
1433	253
7272	873
5562	206
384	788
33804	644
34848	696
14049	980
21884	310
2493	983
3708	642
16290	66
15572	4
32215	21
2144	471
3708	697
31199	697
1613	522
3481	978
26460	322
2102	7
32108	273
12124	266
23351	969
6554	279
2493	279
23351	773
25565	119
2493	903
3481	941
31002	879
31163	1005
2841	811
15572	769
26758	296
6499	190
2493	846
23351	270
20778	808
2885	16
4446	255
32108	315
3763	511
18079	228
14711	938
28460	668
12918	180
3708	369
9529	846
21473	750
16932	572
31002	985
2528	929
6499	150
16917	25
14664	899
4436	271
8001	84
9117	278
10352	84
5485	209
34019	708
12235	254
6302	286
37007	848
27222	69
32253	60
4895	548
10002	728
3933	29
32108	863
2808	353
31879	61
17548	736
20752	813
6871	508
27380	165
17548	206
35417	5
19089	280
10002	789
290	239
17124	988
18129	849
9635	42
4076	909
35417	902
6378	938
31438	806
22476	246
10739	416
20752	518
4076	777
17548	48
4856	315
3470	152
3719	896
27960	59
5519	114
30130	319
9635	23
32059	839
19732	689
13247	315
2885	17
2780	774
27472	266
9061	819
9061	883
5570	765
26460	152
20022	39
28659	396
1325	123
4283	292
18916	675
20769	84
3847	878
29458	773
28876	814
6742	653
3355	40
21232	444
16174	757
19582	908
2493	71
19251	776
21312	301
9061	509
15220	57
7047	696
18412	207
3355	271
18412	229
560	216
20769	990
4959	277
22774	1001
4823	996
6949	167
3355	136
2493	343
5274	736
23417	898
15220	254
3818	288
16447	144
1689	187
25393	925
28494	784
1493	308
3818	998
34758	284
26692	350
317	997
2721	939
1245	939
4108	868
21893	928
36554	190
5782	255
11331	716
22706	18
15399	972
19251	211
22706	100
3760	276
30114	469
5341	986
19251	202
31800	184
27571	98
31800	620
5390	183
17974	69
5782	705
35417	811
3740	943
1440	866
5570	964
22706	885
26049	781
12363	811
22706	665
936	962
30114	448
2623	150
5782	842
4205	249
5620	963
826	938
5390	734
7203	134
3827	938
27124	837
3547	282
26049	243
12169	892
16532	887
26049	887
8912	849
31214	158
1388	531
19251	150
27124	444
290	112
13140	64
3217	977
1080	255
24574	935
29980	100
16532	120
27786	39
26997	761
26997	912
384	880
3217	391
7272	613
4930	78
1750	229
24574	877
16532	144
19121	923
1794	816
28566	937
7899	24
15198	85
24399	185
10245	964
20343	294
3247	713
10245	976
974	191
2185	944
20343	823
14786	695
13162	518
20343	968
12573	181
29369	314
28566	729
8646	928
33287	147
10245	478
28566	732
4822	278
13162	822
26251	243
3205	143
19902	379
4144	209
19582	620
23351	196
20811	249
2173	249
15622	761
2934	761
31358	1009
23050	252
558	252
7048	980
2173	11
28566	4
974	36
19720	810
25538	57
9547	652
13162	353
2173	134
35487	206
27124	770
13441	844
35907	373
20885	146
19720	938
26251	850
16197	770
1750	857
34194	726
14545	311
11947	25
890	793
4312	844
12124	811
20343	862
974	283
19602	839
729	870
493	859
29642	2
1249	567
19251	149
404	65
12923	686
10245	381
16197	883
16197	981
4312	773
8646	15
27978	15
8646	848
31002	938
34194	978
21197	854
35470	820
7679	819
14509	900
11887	930
19251	460
365	395
19649	967
20343	883
35470	787
21014	812
19587	326
5045	588
18913	378
5251	53
21216	765
5758	765
11822	150
21787	319
20949	730
7899	249
2458	514
7899	228
28212	962
11759	254
26758	887
6718	620
12304	288
20949	983
4889	733
20949	887
33804	297
10739	823
22820	168
15564	4
14224	704
14469	708
231	396
4032	801
28502	91
11076	729
32108	936
20876	936
3769	83
35289	83
4032	150
11822	149
2143	864
30429	833
4382	864
16532	672
28520	113
27382	123
944	4
22798	91
13667	967
18337	209
12791	441
12791	514
4220	710
8831	298
24550	508
1794	123
20645	290
4222	242
32020	918
1944	928
26133	853
14509	176
35445	276
18250	853
14509	251
10245	248
15828	100
18337	100
16532	917
11175	282
14509	350
32020	1002
32020	277
7494	100
4222	737
921	126
12791	182
5570	353
14509	806
22798	543
4436	283
3205	708
30478	938
36248	29
332	36
352	289
13132	115
18412	974
269	961
22478	98
2934	912
20065	928
26438	928
2934	264
7048	353
3064	298
18916	927
32008	26
2563	48
36228	689
14339	44
31172	934
2867	286
27889	752
2563	137
27889	260
13690	843
18412	643
2934	102
14339	240
2934	697
19404	943
425	823
3359	227
3847	528
4032	754
27867	286
4392	23
4392	937
30429	548
4392	4
3205	239
26329	754
26329	315
26329	935
34367	238
892	935
17045	957
20778	75
19404	993
18996	293
14509	293
9431	846
3205	277
23542	825
18916	276
23542	509
2232	962
6949	184
20538	754
1408	168
11201	44
2562	37
3814	812
18916	935
19932	161
4930	149
24268	327
1408	4
18250	702
14315	805
17045	912
1408	84
5873	545
14786	868
27508	978
15467	986
20672	560
19251	848
33795	947
5911	373
2919	74
21014	719
6403	123
29709	25
26229	858
7793	1010
27974	773
1345	802
25990	892
23478	315
16834	132
13062	54
15220	865
10002	296
10632	249
1050	917
3595	846
14509	177
14225	969
32108	5
34448	48
17362	284
2323	769
20493	769
24134	862
34448	168
18337	998
22723	962
25106	85
34194	708
13062	708
27301	980
22827	318
13062	26
30340	298
11368	736
10002	190
23351	695
15220	327
36536	123
19143	277
9189	212
29742	177
31275	120
4741	935
31464	206
15515	66
1663	917
24548	508
14660	938
3391	353
5131	488
36536	318
10988	297
7454	353
878	937
30797	837
34733	816
12124	831
10909	44
34956	450
9189	709
35528	639
5399	452
1770	915
13246	21
7454	134
7514	708
8028	186
7679	766
31464	373
758	195
33031	805
31002	878
26267	992
1508	547
28876	152
3516	798
2493	327
3769	866
