31954	14
5332	46
2869	203
7899	241
30500	141
22281	7
9711	321
18621	144
18935	19
17103	99
35606	113
3114	113
30593	302
1086	19
6459	83
30520	163
5617	83
990	20
14617	62
11284	20
25066	178
1245	178
12502	109
4648	318
17632	223
20055	228
12502	42
27463	110
30926	94
9280	193
20916	29
20467	84
27614	120
4652	120
868	312
352	35
20812	35
35853	59
18621	71
17505	43
20916	100
29943	43
25964	73
10585	100
4109	150
2611	16
7233	204
2384	258
25964	41
1750	29
16795	28
27614	69
1245	254
15767	15
23710	89
35059	26
14614	34
30003	78
4109	151
17505	69
35715	4
18621	4
11182	48
30079	11
3080	60
34917	124
10099	258
5323	39
1379	75
3795	203
15767	91
2125	309
10376	41
34917	14
269	152
3628	188
9629	237
365	169
31528	29
27815	4
3081	11
26645	113
6580	11
34957	189
19846	241
15767	84
10376	193
4739	229
9909	229
8344	156
3795	65
30756	36
1152	131
33481	110
8344	34
6931	31
5323	15
31234	165
28854	95
36260	126
30250	315
33775	186
28749	113
30287	88
7402	292
26973	123
16721	205
6055	155
21018	235
470	251
7580	135
11837	118
12367	47
29693	293
21604	192
29744	14
3441	105
2392	79
13824	2
1898	142
3885	244
14446	148
10670	318
22589	318
4222	153
3273	298
18268	85
4590	39
33176	123
22658	128
10670	120
1750	42
8293	159
1098	159
3441	122
25968	48
24004	223
1299	227
29982	313
1571	229
3441	21
1571	15
1184	15
34901	270
17248	216
25968	139
3359	22
6788	137
4648	90
1794	317
17417	183
1571	116
3734	91
1299	86
1184	5
28	94
14446	29
22122	144
25968	18
19417	18
5090	84
14446	118
10217	187
14192	16
32852	164
34822	79
3858	41
23884	214
11603	41
30254	45
17012	81
1098	261
22022	283
5090	60
4726	266
8908	4
32063	34
12322	162
34851	225
31314	170
31289	117
1184	78
18916	34
12400	17
3734	72
14002	37
2302	11
22955	248
6035	248
8083	135
11891	7
34278	12
36085	11
3847	1
15214	118
1689	19
22096	83
36784	84
1794	84
34617	211
21110	150
4016	37
35537	138
2392	295
30639	211
34965	211
25724	214
2921	182
36085	279
20488	54
2869	15
7041	18
3215	252
3093	20
7518	20
5453	21
7654	201
29277	32
31317	34
14257	26
10421	254
30998	7
12124	192
974	95
34278	152
27210	10
11977	287
12124	123
1689	10
14838	81
35664	148
7518	93
3093	131
26488	62
25793	248
12312	156
5090	125
18181	146
2855	218
4965	254
11956	309
36493	116
2817	246
4473	164
5330	6
14125	132
161	63
21679	206
4651	19
16039	19
2522	21
26645	197
36493	120
8380	266
5330	159
460	18
25854	62
1070	59
2817	123
23656	235
9666	4
10340	99
11379	15
699	48
423	205
558	46
18975	9
6882	69
15589	7
14125	241
6083	56
699	37
998	39
423	322
16168	34
6083	172
19068	17
1689	55
29718	306
2817	178
15589	3
10885	315
16168	3
21589	1
5191	84
29071	180
17198	199
3719	7
30972	62
34979	143
11684	313
36271	149
5191	162
3645	10
22509	2
29265	175
241	36
2645	83
9143	103
31665	296
1868	194
1566	84
22610	152
6342	7
17955	167
7162	138
29169	113
18337	270
4779	26
2020	134
20496	94
13570	27
14053	4
20941	48
3772	41
31487	17
2284	112
11582	37
21536	86
36292	6
13651	6
26836	125
22176	59
2611	37
9300	1
25516	100
32877	150
1825	172
10406	7
1794	131
5274	235
4930	139
22623	298
28421	133
18628	222
24899	56
27568	296
32282	100
3885	7
878	100
7240	187
28421	106
1264	66
23146	15
9865	63
24070	94
3067	29
11941	94
23996	5
16391	39
21567	91
1587	92
24070	20
19673	271
27568	41
4159	86
878	19
3529	244
13106	56
3384	90
5246	126
22251	186
32772	75
14390	184
2855	280
3847	2
4309	178
34653	8
13651	194
13345	309
30915	54
36446	128
28565	152
1794	152
30431	54
34795	47
24429	201
1506	63
352	89
1245	170
1689	123
4016	241
6666	158
34252	34
13038	128
3067	8
2620	142
10135	201
6166	153
24088	148
7625	197
9652	197
4930	264
29833	266
11442	145
29124	186
28763	21
1076	91
25547	7
352	280
13038	100
11000	56
1506	143
33961	132
30587	15
23598	6
2047	100
5726	100
11442	11
34252	116
35508	322
2562	298
33580	137
25289	69
10390	83
352	204
6666	317
2205	190
6177	203
878	51
35669	100
23357	2
1997	163
4590	41
11987	50
18746	3
7653	36
35146	65
29567	94
310	141
14827	21
7217	184
2173	247
33784	156
8939	100
5274	206
27465	206
7708	31
4363	183
27399	116
19733	192
36430	63
5570	4
1794	135
22924	58
15623	124
22396	120
18746	159
13989	8
29567	16
2991	217
22396	56
19070	298
18768	53
15670	7
23875	216
11959	162
2143	229
27868	19
16737	120
25485	292
27976	192
27257	36
3351	151
3080	79
30368	79
13477	41
2789	5
14492	152
30368	313
8931	83
1076	172
3351	58
30368	88
2143	70
32794	43
10302	7
14340	131
685	7
10806	6
5274	177
20471	14
26974	17
5981	184
6029	278
16640	59
9321	21
892	18
35298	11
33552	228
26525	117
8453	275
2475	18
3351	156
23875	100
6295	3
7531	318
25485	280
12576	170
2752	58
2917	229
3687	81
21920	189
14582	277
28526	14
2572	314
26394	2
31828	178
21920	228
3081	63
23668	11
317	11
2826	3
36627	124
12945	172
20287	186
1750	92
2572	157
7019	160
36445	16
5045	146
31176	21
12544	21
21920	95
2579	60
33824	219
36411	75
4283	134
2826	134
18805	297
26210	163
37082	16
3011	258
16977	46
11547	89
24793	101
23823	146
14332	287
10172	48
23238	180
18238	111
5247	158
7484	158
2365	84
28005	84
28556	35
2780	7
2572	12
25422	167
4767	159
36411	46
33824	39
18238	90
340	151
23823	203
2917	63
20865	62
25277	291
4360	63
32204	270
16594	291
2572	163
18193	312
36216	153
7050	143
18759	88
13322	314
4562	12
10995	15
30727	144
12532	100
2793	283
17822	296
3205	58
6185	132
35132	278
1192	261
3870	7
30970	313
19147	51
13945	151
36257	10
10001	163
12532	37
10809	115
20333	8
13144	118
25253	318
5570	123
28622	298
35326	43
2826	2
32108	52
17438	21
35162	11
15911	90
5875	150
12800	220
20966	100
14946	58
23606	14
28452	26
1021	41
407	164
30842	31
35825	34
25725	100
2582	63
12856	295
12667	16
7393	89
29992	36
662	120
1021	275
27842	313
28705	123
16917	139
32298	99
31175	47
16991	62
18021	23
289	314
34626	64
28086	12
11158	64
30815	23
31946	46
31587	54
21920	94
25706	29
12798	147
3858	91
30859	91
1072	23
23606	78
35162	76
4102	4
35389	109
34847	75
30859	4
31587	75
5875	228
31869	165
11158	22
7393	315
23729	63
18926	1
10138	59
20806	134
9947	19
22256	83
28452	19
36405	21
1534	185
17039	17
21291	21
3072	315
22168	54
33633	16
17168	188
22691	314
36942	16
12185	64
27944	12
26386	246
17840	21
21927	171
19049	175
35151	175
36216	118
30618	21
29807	16
27729	113
8220	17
2921	89
2430	128
3734	227
24412	7
3734	7
10426	287
2921	48
3698	45
35296	248
36584	65
36487	71
20059	125
34097	71
2397	129
3769	20
18323	20
2514	99
19864	151
29698	84
1566	298
27944	47
11962	56
8848	62
34941	15
17566	7
36574	56
3698	16
3827	26
6966	194
36828	18
2082	23
3734	251
29765	322
31108	52
22024	105
3827	31
3779	110
34818	148
2430	19
109	100
3644	117
3827	100
6580	41
35603	252
11141	99
12906	4
31108	23
20941	59
12947	124
36487	19
2917	254
19864	116
4950	183
7293	11
11814	251
2759	143
18187	26
19178	138
19723	298
16381	50
14786	26
12595	41
26790	6
1794	56
1689	113
16639	56
19391	228
7564	62
33575	218
35345	2
21935	56
2584	227
28403	318
24711	318
23144	48
33882	48
7564	4
21935	277
4491	83
15379	152
5317	83
14196	178
7839	113
11358	81
25643	120
26790	36
16161	115
7326	112
31727	134
5699	144
2143	20
6451	41
28403	41
4930	106
6451	116
19178	260
8975	315
26386	159
5605	94
36650	171
15379	94
31431	159
7962	21
31727	21
3217	11
12221	7
13308	3
6917	125
20472	141
3217	260
7962	11
16161	105
7564	141
27287	118
11756	40
8975	118
16161	40
25970	5
36650	288
19391	167
1241	188
26262	131
1444	188
26621	88
12223	17
7564	5
7564	69
21393	159
32099	59
16161	162
2143	59
22906	114
12152	64
26790	64
17566	266
33262	32
23271	120
8529	113
16149	113
33262	133
19738	62
3616	201
17394	47
5930	181
15017	181
31378	84
22599	40
5930	95
16326	91
4590	193
20564	205
933	248
23420	162
27718	84
1247	19
2978	206
7058	6
34444	79
2215	79
5930	79
32347	145
21186	20
21113	4
26465	15
15732	90
16326	110
20564	249
33262	109
1247	115
27718	2
35633	2
8804	152
23420	300
12493	4
33262	73
3847	288
14295	171
24253	171
21113	39
2528	35
22599	93
5930	159
2654	17
17383	41
7625	287
12868	237
8228	17
23644	17
31197	65
11822	65
27683	300
2384	59
20945	280
11859	69
1789	7
22122	10
3847	53
25547	190
11822	190
24253	55
11822	188
27718	45
36180	150
2418	216
2384	64
14983	43
22599	29
5856	211
24187	50
6272	110
696	84
444	113
33735	235
16787	237
20585	123
6014	313
340	84
32552	277
14313	239
87	213
3319	313
4930	128
32076	211
3858	237
35408	113
8313	8
365	300
1444	181
17079	126
4930	205
21503	205
31457	129
24372	45
16787	260
26511	85
684	7
33023	249
6857	45
18843	309
5432	17
2528	318
25383	149
4226	37
4590	74
33735	74
33916	15
25383	7
5086	291
15034	26
1444	56
28466	56
12598	117
6103	14
33491	156
3359	21
5323	118
4016	14
36701	127
376	173
5043	282
15860	92
1007	241
18843	241
2921	54
24775	113
3616	150
7846	103
24187	73
1534	100
6857	62
16230	62
2493	11
7484	43
8313	34
10186	350
7484	350
24264	116
3256	188
21503	94
19452	46
10227	16
4930	63
9948	113
606	283
11754	39
10310	19
32552	59
24902	41
17923	142
11708	266
28522	217
1228	124
14998	28
23125	192
7541	300
696	18
7217	100
18930	100
5570	171
35515	171
6427	315
10014	293
26244	187
12627	317
17287	194
34607	313
7311	188
17414	188
8285	5
33400	53
2002	156
17074	300
25164	70
2855	16
1003	183
35515	167
27439	27
27620	84
7086	7
36242	242
30842	12
3205	295
1793	92
4392	75
7478	47
34321	75
2215	164
7086	84
3359	84
35211	68
19033	31
10951	254
15391	266
5510	59
12463	148
19465	251
8285	103
1929	143
14998	100
1254	47
4038	204
28639	131
14998	228
35769	6
34852	249
30842	39
9878	29
384	113
23125	118
2780	19
35769	71
35515	74
23800	178
22280	318
4016	19
19233	216
3596	62
32976	62
19765	318
28360	178
10208	181
3616	9
352	303
8420	221
27080	189
10578	277
36818	19
36242	246
2164	221
28747	41
10135	141
13788	141
5981	346
32108	261
34519	290
7254	280
35211	39
18049	196
2761	152
12836	79
23319	218
34177	62
2215	41
7177	3
2492	105
10794	218
13084	134
3548	287
23901	133
18017	181
9660	21
13418	21
35147	95
34519	244
26564	225
35642	17
34419	17
560	117
34519	204
14130	318
24179	84
34759	162
15978	131
35642	48
1676	134
4590	288
5281	103
31169	88
16441	18
34519	228
6811	21
18190	180
18841	4
28872	19
28807	291
27630	144
3282	75
31683	19
13741	99
8581	144
34419	192
9660	45
20586	169
34519	313
19439	113
18295	59
2492	16
3769	223
560	36
1772	32
3883	300
17956	50
3282	123
25128	23
2782	271
3847	283
7646	8
25313	122
13084	4
31902	201
1676	167
2027	204
26767	117
20564	94
3205	198
11541	204
21118	292
18132	273
470	41
10193	27
25986	50
4680	78
17787	138
595	199
32004	153
32298	12
9153	60
26790	181
31583	220
23827	131
27393	121
18132	128
5691	346
34916	29
319	46
17153	241
10331	65
7392	105
1794	73
352	322
35239	79
6646	53
34212	39
8713	216
19465	39
36411	62
3885	126
13765	309
35651	6
21118	169
14461	29
11541	151
35239	156
2399	7
16797	186
3359	69
32635	120
27393	69
1794	186
18284	112
26790	19
15561	131
12936	298
1045	300
4680	4
18985	200
4222	190
7221	15
2840	170
34649	8
878	88
26767	150
10469	159
4966	73
32004	159
16782	45
17125	4
8260	101
3858	186
20889	145
4283	63
10469	156
17787	288
6792	39
371	299
3205	142
3080	141
248	100
7749	100
4930	35
32842	41
36584	254
34075	100
340	178
30433	299
974	22
23242	233
20526	10
15882	81
11614	16
32672	180
1701	260
4930	85
32004	69
3407	136
15876	115
4767	34
16792	27
1006	31
4590	83
19704	99
20930	75
15876	64
20889	123
18631	192
35670	128
4930	132
12173	116
18230	116
29667	4
20930	94
21566	113
23152	36
4234	300
18860	200
7594	200
18631	186
12173	83
460	162
21955	228
2654	318
22168	11
29667	26
4046	88
5782	62
6081	295
30294	124
33048	134
26203	65
25088	56
29667	131
13193	56
4966	131
2891	149
3909	177
4046	148
33822	12
3407	115
111	218
1428	206
15876	120
2283	201
4895	229
1524	343
27374	120
1794	53
19581	74
13101	81
11412	88
30708	16
1345	2
13829	150
32004	7
21920	45
11412	77
9797	11
8561	92
1794	100
2483	23
13824	176
15090	56
9947	62
1568	152
4491	185
8561	163
3877	290
13824	37
10266	258
21770	15
34754	15
3885	277
6453	84
5360	68
21920	60
30574	27
15643	298
10266	203
16290	291
35018	59
32778	142
10266	313
2410	310
5790	300
13260	252
7679	75
29375	300
6211	113
12241	178
5790	193
13824	47
1568	19
2745	291
3722	178
28382	37
12199	113
18170	118
1794	4
35069	249
11753	205
35632	313
27250	68
28182	318
9220	70
35637	139
878	83
1794	85
17452	290
4079	88
2991	6
10503	7
1689	7
31880	69
24704	43
2907	103
22058	309
32851	123
696	16
3384	170
15374	8
1444	244
4930	8
27327	65
24772	135
27921	14
15676	40
21673	165
13037	110
481	40
8266	21
10806	181
878	63
32840	79
2780	111
1192	219
13037	167
3847	159
2514	138
24864	141
25981	56
25783	253
3205	127
34953	45
28934	62
28081	146
7852	16
2050	62
7417	69
17378	16
2493	62
11432	34
5187	16
32551	109
19716	83
11563	65
33829	18
24420	229
20097	128
20097	8
36805	157
14540	300
7852	300
25003	94
32704	94
2458	159
3847	35
4057	266
36805	178
24865	19
16053	169
24454	8
2853	156
24072	53
31627	298
2745	143
2643	216
28175	126
22113	180
36402	56
4311	81
24670	69
1750	120
32551	155
22843	60
28934	60
36805	11
10622	138
30011	3
14992	227
15583	138
6799	7
3217	295
24814	17
25224	318
29635	261
19716	87
19716	12
21840	113
18999	11
31752	74
28934	84
35060	149
1080	290
847	72
13568	21
7810	152
25549	2
2493	167
4230	7
1192	206
15489	7
2384	253
2493	101
35017	290
24479	12
3217	47
311	12
26386	181
30740	346
17268	15
20949	47
1457	180
2493	298
11127	253
24699	18
3708	129
311	84
7752	287
32197	206
311	181
34496	229
17268	59
29610	150
26386	150
8765	178
22555	170
26108	56
28177	226
2173	52
22237	100
21147	75
4011	277
15440	52
11074	277
14582	318
24699	318
20052	118
32560	17
24479	126
11026	14
8198	345
7752	51
5578	23
2289	17
31373	81
10891	197
4930	104
20949	188
10378	238
2123	36
9748	290
32560	26
36190	138
28466	314
20052	7
17681	4
5578	4
5445	211
31031	211
1815	123
11350	123
14426	123
3507	266
11060	156
2173	165
29807	6
23990	90
9527	293
35372	90
26460	41
7326	49
19033	316
6501	298
5534	99
20387	315
2679	95
31592	75
30116	75
8219	249
1086	75
172	186
36657	39
31460	52
18543	309
35285	327
15702	172
4930	94
22565	178
26415	150
8089	91
13452	98
36657	295
25662	63
14142	252
31987	34
7970	7
1683	34
29539	94
26207	74
9174	111
8762	110
4930	12
6868	241
36386	46
29866	62
16559	14
2920	15
22555	149
24180	14
30615	318
1444	113
35903	69
9975	36
32840	16
4420	36
729	62
10660	62
33864	298
21749	45
241	116
10966	83
1750	43
10966	45
30112	8
6566	249
20676	23
19118	113
17830	64
29370	65
2654	50
16727	367
1192	282
5747	132
830	132
35296	54
6870	7
18626	7
3093	46
6566	93
26796	14
15634	28
29370	68
4799	252
2844	237
6566	181
10660	3
27657	315
5747	127
20698	293
22187	35
25268	153
26331	247
2493	278
1023	69
8610	194
26178	155
7388	148
3885	327
29370	94
35296	94
22521	94
34629	299
16778	16
3885	188
24451	28
1192	73
6188	290
1245	21
2528	17
31817	142
11506	32
9071	152
1750	238
31238	327
7680	37
35296	37
19361	78
17830	59
7506	131
16086	69
3854	206
5247	88
4283	178
33152	303
733	28
2364	74
25262	317
12721	317
23452	96
3384	169
29506	271
18478	150
12612	12
36627	226
5199	131
4777	103
5247	71
10767	203
7584	135
26117	165
19007	218
765	85
24565	300
18533	70
27465	4
35339	144
19738	135
24776	249
19642	117
21728	291
21728	152
3847	6
2528	1
4587	37
5247	163
17152	83
5360	181
4363	41
29397	290
20982	41
2594	8
9358	75
14628	19
7235	64
7584	126
31792	59
30627	251
25612	100
11904	318
9812	39
1345	134
36547	45
33283	118
2831	16
26801	39
32725	43
8787	35
33496	87
3616	99
21553	278
729	50
2885	94
26696	47
21514	17
32070	246
8082	17
12327	203
445	318
9812	42
22649	273
3011	227
30314	254
2364	175
18637	52
26564	64
34051	241
23058	120
10668	41
10062	106
10668	2
35181	113
13334	150
34512	206
26696	92
23058	164
24049	113
8054	31
28468	69
26696	83
345	7
497	157
8082	138
405	4
27272	251
25819	138
36190	115
2885	79
14837	346
2493	204
27432	83
3708	178
27272	263
31665	216
4924	327
25975	247
1030	172
2173	126
34638	123
2828	327
35566	48
36355	258
6528	59
2748	84
6738	26
28175	96
4713	94
36521	16
29611	120
201	175
5326	53
9849	53
10668	124
33882	131
9849	32
27791	149
167	273
30604	241
18565	69
30756	173
32860	29
16460	29
31488	95
13867	39
13403	83
27791	83
27208	15
9841	15
2748	27
3885	19
12972	263
1030	164
14654	115
1545	7
7950	104
1676	318
27111	153
6528	156
14790	149
6952	300
1518	10
8143	109
4767	72
15284	145
6738	82
2528	164
7833	164
25824	300
1245	8
30604	26
12846	37
27236	5
7464	315
4604	26
25535	17
24287	295
27236	65
13611	99
24670	283
4648	11
5716	118
560	150
11003	11
2844	310
5274	47
13611	220
21403	147
7043	300
5567	65
2841	229
26946	122
35125	309
1954	36
3205	309
437	51
4870	129
35729	71
24399	327
24768	14
3407	278
10099	278
405	35
6931	167
28188	293
4870	203
3205	188
34754	6
2360	315
8311	9
24574	53
4648	53
6702	115
5045	55
32838	201
4590	101
24647	18
26067	87
28089	10
22176	111
239	16
36525	56
20859	84
18322	163
31364	163
9828	227
2284	79
4787	84
9291	16
313	295
1545	295
2284	68
11558	29
560	163
12123	144
25716	73
19972	298
25831	298
19643	95
405	83
21400	178
1954	54
22880	15
5567	4
22752	20
313	100
33839	113
24768	148
8311	17
22956	19
32317	239
2514	100
34818	239
35728	128
13527	15
31657	14
1750	88
1247	41
24884	41
12385	41
27418	315
36526	316
33284	50
27750	54
290	362
23989	290
5332	65
36866	48
18843	315
3259	48
24528	290
12551	181
4513	203
3205	12
2614	65
4562	123
7899	20
20140	8
24884	185
6984	52
4915	52
25802	300
320	241
31657	69
30935	131
1050	165
24771	42
25496	135
6603	68
25653	7
36932	229
36866	19
10183	131
2991	258
6984	144
2921	284
3932	197
23077	65
16947	313
8507	120
10659	73
29783	298
23453	327
2991	132
36846	327
320	242
25802	313
30778	188
1162	116
29189	134
1162	113
2414	29
18757	35
3072	74
1103	90
1670	21
423	186
5338	45
34238	29
9384	321
26487	213
26081	75
25070	273
7614	213
35822	79
17987	249
26456	26
36125	79
35275	91
2470	290
10956	16
19359	65
26456	277
5534	312
24326	28
28106	84
11696	181
18606	282
2528	23
27303	313
11967	133
34887	84
27303	227
1103	260
24326	47
9043	291
3180	291
1162	14
34735	43
17333	19
31808	34
25265	227
27725	258
5338	99
405	51
1162	56
28879	83
4930	2
365	229
7010	315
2492	172
5790	316
25265	316
34887	299
35275	159
4881	228
2746	116
30765	95
405	175
23124	300
17333	159
2850	19
7520	317
3072	2
2649	84
11633	36
30554	12
3301	192
27187	300
28162	71
6151	318
28087	112
1758	165
1537	310
8709	28
34010	146
21927	18
3632	135
1750	282
26780	252
35715	290
4590	56
2770	186
28211	150
22589	123
25198	293
32852	314
26653	69
19342	127
3301	64
15926	346
8709	132
1932	41
30715	167
9216	40
24939	83
8453	178
7679	272
5045	167
25675	14
3840	186
26971	99
352	138
1683	20
34010	48
25645	36
3885	29
2989	144
27847	120
5930	193
2185	12
729	183
34510	66
2841	29
21451	300
4648	21
2766	54
16917	291
21451	34
2181	316
21971	112
26441	189
4628	189
27500	95
15439	51
5247	138
15318	346
5726	225
88	12
33580	39
3885	251
33383	214
32791	23
11728	93
1042	200
10726	20
352	164
7484	20
5077	69
9908	194
22058	19
10857	19
3534	152
560	19
7426	96
5754	17
20104	113
16054	186
4930	88
729	42
6040	85
14891	223
365	110
241	239
5754	45
8414	277
15017	100
241	100
27500	100
20360	16
31910	100
27847	100
4895	100
25645	241
1007	282
365	85
530	100
5653	186
13474	120
365	84
24091	149
33227	84
35617	318
2384	203
9568	228
3081	188
5209	7
18910	7
7052	314
20360	41
24091	75
24301	87
26569	11
24939	261
15019	63
974	181
1758	319
13816	197
27500	9
5570	106
18518	131
2012	293
2649	6
22881	123
25039	32
7132	7
26336	299
21971	84
9908	73
14891	40
12758	40
8414	40
1475	94
28234	3
4895	103
10787	170
18182	18
32	327
2869	19
1546	84
36457	172
33659	16
27127	10
241	19
29369	31
1546	16
35236	55
1379	171
9063	6
16963	60
10883	18
36930	7
1546	8
1023	319
11141	258
14215	50
6099	14
10434	99
1023	327
1192	95
11141	316
16963	316
24002	114
28579	90
8384	19
33659	188
16929	68
29701	203
15924	29
352	26
4930	181
24310	181
10196	23
11889	117
20387	275
3840	8
22209	171
15876	26
2589	152
1546	165
22209	227
28579	28
12163	88
31414	47
4781	74
10883	192
2528	129
823	104
22159	318
35171	88
19804	100
15447	4
878	123
15522	123
33637	41
14780	41
10502	11
3055	239
2885	239
23629	205
26724	181
2831	21
15136	152
6192	134
17122	63
14314	300
27715	197
14286	134
5108	310
2921	223
3933	345
23416	46
29369	118
14286	315
18616	109
15270	150
3877	116
892	106
15136	51
3055	180
2991	171
25845	5
16669	83
18068	220
17122	313
36805	39
10083	47
27920	111
10452	19
5587	188
25845	56
3877	159
5209	309
5587	37
17122	88
13223	93
27407	372
10083	16
4364	45
30833	213
27715	309
26421	7
2238	135
15100	372
18901	2
5636	282
31896	36
15447	288
2173	100
1992	7
32828	283
29217	327
12326	164
7018	29
9584	242
15858	7
4884	222
3011	203
34629	287
8964	218
1301	120
8964	228
2173	242
9584	178
17108	120
29903	71
15858	188
34629	94
33063	62
5329	4
8851	94
28145	189
13877	39
18645	39
24923	16
28218	1
15799	129
6899	120
2173	59
14401	193
13874	150
12326	192
1794	299
8892	188
9584	47
5587	211
20798	206
25192	318
34855	7
8451	271
28819	193
8964	242
4884	188
34855	118
6899	138
4419	54
14446	131
13874	54
18018	134
5670	134
14401	346
26748	14
26284	14
35566	263
352	318
2425	56
4811	100
3011	319
24522	77
8851	371
18563	31
8892	300
619	36
5274	4
13874	241
481	132
15858	17
4222	343
33667	135
4811	156
14446	52
34884	273
9420	37
23495	79
20387	282
2173	21
7066	156
10746	227
28063	17
736	77
13995	48
3083	103
2855	327
5865	156
10938	146
2039	8
23795	48
1255	290
12403	69
736	94
2937	42
20797	41
18187	367
22598	131
10938	11
1236	359
30805	197
28378	131
18190	128
3994	135
5670	20
736	310
12015	213
22314	323
6545	134
34410	186
12519	11
1794	69
30455	81
9201	221
2826	53
13410	62
24207	204
2826	105
12403	296
3922	242
9201	242
24215	83
25352	296
2425	59
1249	327
14977	246
3083	155
33566	120
3083	295
23350	75
3083	167
9290	69
2876	4
2041	4
31685	17
12403	31
6079	29
2876	251
33810	188
6029	188
27465	295
4292	315
33566	59
4930	362
20884	203
25444	173
9201	298
18187	172
30193	49
24215	283
28352	113
3083	316
1054	319
19211	110
20117	53
617	21
35843	84
32962	296
411	172
13094	51
3407	36
19211	53
4905	20
19211	173
400	59
1689	327
22431	190
1184	371
4283	309
28635	7
4108	327
13914	143
10957	313
23763	100
411	16
25108	291
384	291
1447	41
19047	2
14519	84
19211	137
16640	7
4930	273
892	34
1826	99
10957	124
5578	15
19739	254
1054	63
19211	83
36199	248
19211	94
24642	56
1826	248
384	134
22431	181
481	41
7356	69
8182	175
12142	167
4930	241
1826	318
2776	48
12587	290
13512	113
4590	69
13824	149
23763	69
30964	148
269	282
33109	157
2885	148
12443	298
9445	23
1689	96
19491	78
5108	138
14467	164
2952	226
868	327
19829	203
2397	23
23351	103
34140	346
21798	7
36612	90
30885	327
269	278
4016	101
33486	71
17162	63
27054	298
10064	282
5501	92
30740	314
30219	300
9445	4
10938	4
33845	3
837	213
1689	167
10636	41
35976	48
8241	69
28243	69
7221	2
27054	238
7221	147
3972	83
1493	134
18275	56
24143	21
28607	227
2397	300
2826	46
3096	135
1506	100
4598	193
10064	100
24081	131
405	319
30219	312
558	41
1444	51
9445	87
3560	178
3769	309
21798	178
9411	266
31530	117
10064	196
23484	178
16009	319
1689	319
4924	93
31881	56
27960	103
18524	188
9892	198
9579	31
23936	142
18850	298
1970	16
7464	317
16750	17
33360	288
7536	300
30143	216
30677	4
32828	138
1688	213
405	249
32782	29
560	327
33195	228
33195	249
27960	99
7682	79
1970	6
27771	34
16445	68
18916	64
1184	372
16750	315
3769	85
27960	47
2528	138
21824	205
16293	100
3217	19
2841	183
31748	313
2826	85
13357	135
4276	186
4276	327
3596	193
19554	326
31852	39
21185	45
28317	18
19554	21
5274	62
4930	99
22706	90
620	56
1363	189
23735	83
2204	452
17638	197
14004	290
10875	258
27396	244
2173	327
17548	270
26046	319
28317	155
31348	4
20895	26
24301	71
5832	36
19465	170
37004	242
5832	205
25102	69
31189	227
25368	47
1045	170
2885	123
4880	45
27004	197
37004	241
2446	201
11197	14
4590	167
2528	73
17927	167
20488	11
29295	159
24720	159
4880	48
19457	155
3205	17
19465	83
20783	270
42	12
4930	175
3698	79
31189	132
23134	46
27788	193
23673	278
17927	149
30315	286
2867	452
6330	88
5477	299
20352	118
9155	149
29295	29
7189	157
8224	367
7189	43
4930	350
24270	138
1076	4
5477	251
16346	31
26798	206
17927	198
29295	222
22750	165
4880	41
16191	153
19909	148
1076	295
20783	178
3933	100
42	84
4880	100
16500	346
27826	62
37004	214
14314	78
2528	310
26946	229
27255	16
36541	229
12057	182
25943	46
5142	182
3799	167
14689	143
14607	15
4299	163
12823	15
2458	199
18199	15
6648	242
9531	288
5578	147
5245	156
36217	237
31914	290
560	149
13377	71
17122	315
23036	73
4679	171
4038	228
13836	228
17130	123
30231	100
12955	132
1750	318
33084	100
16572	66
9201	203
12823	99
4590	346
20416	371
17122	227
3792	11
4930	127
32329	2
20062	260
36834	183
20930	47
2545	85
5696	36
2855	2
8857	68
16037	149
3885	298
12955	66
9662	4
21336	100
15820	4
4896	19
3217	201
2528	95
3217	317
1793	69
5790	69
26987	69
30689	20
2938	135
17591	65
6648	62
12955	84
9509	56
5245	319
32329	138
36156	123
19551	362
5274	123
4930	75
11573	226
8515	21
22099	53
21126	146
23502	36
1794	149
10469	17
352	17
4277	17
34248	11
34204	114
12124	68
18811	69
14918	19
34509	53
3972	23
32105	28
31375	55
4473	222
17294	29
22209	105
8897	88
4276	228
34423	19
12617	19
12028	14
34509	54
16649	64
16757	4
13896	35
10267	327
17104	79
9235	327
27465	95
320	34
1345	51
15251	109
27465	362
12502	47
33603	189
4587	226
10230	106
2528	9
4276	51
2649	79
33845	295
15520	148
3205	178
15953	14
6173	2
2528	266
18811	153
7515	201
370	113
2136	159
167	12
5108	129
12502	18
4276	33
12811	16
35551	112
10469	158
27560	94
3803	7
32105	170
4276	48
17560	37
27560	242
21927	48
28234	7
33171	26
24140	318
18796	348
25467	258
18811	32
2136	155
33171	169
26267	299
5031	147
17737	129
2826	145
28272	167
1523	307
25287	178
2458	99
14116	226
2826	20
365	5
1523	346
25421	307
864	59
35800	59
18811	327
33712	29
1098	73
13473	84
18811	100
30593	88
8022	84
24574	71
15777	129
13744	319
26652	244
3526	55
33974	203
10679	19
13664	319
25287	34
17027	248
405	241
13473	327
35414	244
2841	6
27595	206
3769	62
2855	21
35167	51
34556	193
6815	5
19184	145
13154	343
26204	95
17927	48
20284	7
27465	326
2844	73
2496	39
2844	229
29495	146
17027	95
2528	188
2496	188
5949	41
28272	103
24569	286
30593	95
23367	16
26652	156
17984	7
13820	147
35167	46
3481	92
36061	31
3384	162
23542	316
25535	122
29766	45
7423	120
17027	96
23857	171
25805	131
5670	162
2826	300
31921	56
12631	300
15751	69
3384	288
878	17
864	69
31168	213
2826	171
3625	50
9598	277
1192	296
20315	368
31533	29
28926	96
35566	99
7453	63
27274	239
35515	99
35646	64
13043	58
3412	165
27038	162
27274	235
4930	36
19765	251
1633	279
33205	18
8857	312
3625	56
2835	14
21808	93
24865	325
27593	300
27082	288
6847	106
31351	69
33246	343
407	7
33435	144
35515	280
35515	138
7816	41
25835	15
18086	105
3359	74
31021	135
26654	214
33082	123
8229	36
34676	98
8737	8
5600	223
7453	327
7453	132
10711	264
18336	288
15646	75
5070	206
1583	113
16875	278
8737	23
34676	150
18086	72
17104	11
19247	186
3719	63
313	104
24044	203
3083	7
16009	10
27357	19
24044	33
21416	26
18438	69
18373	47
26456	100
8313	31
2512	7
3454	82
24770	181
35028	62
34786	3
14140	120
21416	22
34786	277
27305	139
3799	19
34786	31
4648	290
34786	85
9761	2
24921	120
14568	148
14140	16
12645	228
21416	248
31636	46
17451	64
23400	121
14021	87
423	298
5095	27
2652	298
19247	214
24449	248
5313	53
27075	306
6033	346
17412	129
29824	452
10627	122
12645	56
8181	170
13463	368
11151	28
2004	32
3628	149
20387	248
16267	113
30925	123
6617	171
21836	21
31996	211
2793	376
6728	349
31636	36
12829	36
1255	75
8613	131
7916	288
7427	52
23499	220
29073	163
2394	349
19213	273
19985	64
19127	52
2850	4
36218	244
34445	372
10290	17
2384	36
34918	120
3081	152
22495	188
34835	16
6666	103
25300	51
3384	41
19625	138
21268	144
18838	51
36934	4
25401	94
11078	251
17252	239
23820	228
3828	151
19127	34
28265	118
12451	5
34445	28
560	34
3828	19
17386	48
18838	309
17837	249
2921	88
507	47
3904	69
929	11
22759	21
16009	68
30016	21
34445	127
4016	69
7427	144
6666	90
30319	81
3384	99
33534	53
11509	99
507	241
4930	48
13334	282
20936	372
5726	131
460	201
1076	95
14581	242
2919	242
7948	75
15247	201
7520	95
7221	171
3769	278
33225	228
28256	39
19472	317
2919	258
4590	14
32	123
32387	228
384	98
1245	36
19281	103
12451	59
18859	123
9673	173
6532	362
2143	163
26096	54
20111	45
2782	53
13257	170
20936	189
4924	34
2826	228
21867	319
13334	23
16903	350
26399	4
19366	94
5691	23
1758	251
5691	288
1789	39
4789	84
24911	318
21867	129
3481	116
25392	100
19355	100
12432	172
4038	158
3359	318
24911	105
507	290
28378	203
14012	1
26096	205
5790	253
20936	271
6418	65
33845	51
22891	159
20930	201
3972	314
1247	228
2754	137
4930	50
34002	164
3616	94
246	296
5599	307
10061	275
22850	71
5452	263
5496	277
1192	48
10622	14
21271	78
35275	100
35071	48
36292	100
23216	123
36282	193
30694	123
8646	193
5452	295
10061	135
27428	167
7543	120
5452	141
2528	111
3616	192
13031	99
27175	32
34272	40
6780	19
23038	184
3273	170
25873	19
25929	41
2921	345
25369	46
26398	310
5045	29
35081	349
8695	187
25369	120
23038	84
28214	242
32249	17
23038	118
6757	282
32171	181
28214	31
30578	46
35442	64
34899	156
12972	100
34086	120
11043	50
11043	43
17134	17
2002	120
8679	235
1878	251
27543	254
31938	56
1750	129
18814	4
3868	182
25016	188
22955	194
8836	39
28502	59
32572	50
22058	203
18237	126
34086	115
8952	81
22496	275
5976	63
27833	313
35442	100
30920	34
11017	21
34617	112
11043	65
1218	103
25016	23
24750	23
12646	135
17399	150
6757	159
3616	159
34443	120
10056	227
28234	26
9012	32
2892	51
2002	10
18814	69
10014	69
29118	246
5108	248
30970	280
11670	283
948	18
18814	36
28502	300
1218	36
9529	54
4930	260
22955	122
35442	315
28502	64
1051	150
19339	228
1201	100
8667	201
1689	235
10636	270
25378	21
24861	153
4255	252
1076	241
22847	11
32381	315
26711	3
3072	42
25378	29
22847	153
14770	118
9085	218
401	69
14179	69
8341	298
19491	29
3828	36
33587	132
819	362
1433	346
401	149
35648	227
30425	327
37	43
31638	131
192	219
33587	371
27086	14
24006	278
14420	15
2634	266
36012	194
2020	99
9135	36
34933	39
24945	99
20071	167
17894	167
34072	41
22847	41
37	109
22706	343
13806	36
26027	106
16900	75
192	17
3072	189
24945	277
7496	16
23812	94
14938	114
36795	7
26182	251
4590	300
2841	277
36383	7
1428	203
23454	113
24922	141
514	41
28605	100
3407	41
2855	41
1689	362
16009	145
1428	227
23454	106
4437	376
3217	258
23454	40
13780	71
3004	35
23454	188
35258	131
2403	36
33587	201
1072	299
12821	14
25858	175
729	36
5070	40
2173	206
4299	376
21130	228
243	201
1345	227
23080	87
35440	34
3205	115
8921	84
22168	64
12555	190
19662	125
27428	21
15423	242
30591	264
16788	295
27688	120
34931	251
5449	251
34092	315
14858	56
16009	56
14858	120
4346	20
14975	316
20093	213
9579	23
19662	246
1192	62
3407	83
2545	4
15423	214
24541	52
31533	254
13483	46
405	201
29610	367
11137	148
30130	131
10847	277
830	192
6853	99
22144	43
32644	1
8507	251
30892	216
13939	213
830	159
5841	244
7939	100
2399	147
11272	321
30401	270
22144	77
33246	69
12451	19
26110	5
2663	69
24509	123
19552	252
2926	62
2483	68
11272	233
10409	4
3607	54
26387	68
34793	185
5696	169
14385	171
3395	50
9261	84
32059	41
2399	60
26303	91
31523	314
2611	81
28296	138
21040	270
2215	290
3205	310
26071	36
22018	189
21346	0
30401	319
36550	277
9261	76
9741	117
4283	18
26387	79
21742	69
19855	2
23264	158
22075	18
2248	79
3205	288
5841	2
4283	151
10776	65
405	151
22391	16
27260	73
17653	0
22974	4
3933	7
16767	69
21075	4
3407	34
17653	15
25835	17
28983	93
5729	253
12736	22
19776	41
28407	22
32956	41
20307	315
27042	27
33586	249
28419	10
15434	10
336	46
269	12
16835	183
29032	252
21466	372
1030	278
10371	293
18059	198
19776	95
31224	181
34603	14
6842	39
28568	94
16835	36
31662	141
27049	16
18935	348
24542	187
11708	327
9101	343
19998	291
33845	251
18662	66
27049	238
1894	21
5632	290
9101	164
2215	129
27422	129
19776	367
17653	39
27042	310
27855	29
14396	228
34110	416
2984	181
19776	214
34576	7
28983	113
24315	201
14042	270
25368	227
2654	85
11082	146
8752	146
4429	99
34303	152
11708	368
33586	120
253	162
8752	7
23498	74
352	185
974	37
8213	248
3217	118
24723	310
34970	452
12403	123
821	126
19107	79
1165	36
26390	142
20965	112
32299	16
27139	48
26754	48
3933	173
18358	37
29701	170
14571	142
30111	139
29684	138
4038	19
2649	117
30423	103
32496	155
19767	116
1192	41
19107	95
12439	216
974	216
28218	213
24024	177
530	7
11788	7
32085	19
19694	100
19694	121
17156	99
28218	4
12786	4
14244	10
3933	10
29005	277
1838	148
20904	321
19767	194
3972	134
2496	142
30111	14
821	12
24972	113
31192	17
8196	131
19107	184
4587	172
21142	221
3972	189
23436	14
18709	53
34127	87
21059	64
36084	118
7802	54
5930	86
22471	41
36494	16
36037	41
23146	315
25789	128
32234	56
27672	48
31813	4
4898	307
20170	19
24041	7
11578	4
27671	283
12580	116
27817	266
5930	283
24401	226
30609	106
2493	83
23777	34
7802	20
33606	20
5632	7
20170	58
27672	26
2493	17
1443	192
27605	64
25789	151
7802	99
32996	70
28358	99
1794	92
30215	198
32755	14
23019	14
1758	69
3769	177
15751	298
4403	54
25789	100
22989	310
21109	316
21059	100
4259	69
22706	143
36216	371
7802	39
2530	213
34309	317
34309	75
2795	164
22706	330
35484	94
21418	45
1045	126
12424	238
33666	85
17358	43
13916	115
32957	167
37046	167
26162	41
3155	50
2584	12
25568	111
21311	116
16716	62
264	36
9549	223
529	369
3272	28
2173	223
34985	39
7996	55
31281	48
33920	181
3847	71
423	182
729	21
1042	14
14947	298
18438	46
26434	83
10675	18
28866	188
32020	105
28234	16
32957	15
2867	17
35650	307
23661	26
14595	193
20073	211
23661	188
9549	59
31649	254
20694	310
14989	4
16348	244
2547	164
873	164
35399	51
3858	362
35191	69
22201	277
878	4
4590	184
28866	2
878	254
13916	19
12545	9
22126	301
32957	59
24924	59
33920	4
7431	59
19620	33
8168	298
12545	254
4079	75
4016	27
25179	14
5053	318
4648	317
32266	90
26204	69
25821	237
32801	251
3078	369
15800	92
819	248
20824	74
30779	41
8492	41
1992	318
23485	144
3205	65
5274	309
3348	16
9378	47
976	189
21409	53
22005	59
11176	153
9908	290
2483	14
16344	2
34376	14
28086	7
22005	64
33737	113
4648	7
4061	35
8492	159
12325	16
2826	6
30156	109
36020	310
30913	10
4789	199
33642	70
3933	26
201	152
32266	54
8492	59
21720	20
23485	105
264	310
1992	123
26348	12
2654	10
14376	83
28043	7
35275	163
4789	172
30186	238
22777	219
1054	114
4325	349
2987	327
27152	103
5899	123
2855	369
22188	29
423	326
26636	19
352	319
27152	167
1075	205
29545	52
29878	116
28657	198
21536	370
33823	45
3806	146
16442	100
35115	293
6720	169
2855	74
11988	32
14330	113
35206	16
16098	18
30832	273
29545	31
31558	69
26601	369
30832	152
5935	122
15463	7
5333	123
27942	11
30726	248
9535	121
1428	273
10756	2
1530	4
22188	144
4054	155
30832	121
5935	40
28441	156
16104	129
28441	84
25648	37
6980	96
18494	69
1444	79
5716	26
3205	28
10783	14
34661	28
2572	74
2204	56
8944	94
5477	94
36151	20
7978	26
34046	370
185	185
34058	220
2406	81
18494	31
9732	283
2384	69
19962	69
19844	159
15725	246
559	152
20770	100
13194	275
5637	151
14120	155
2572	99
2572	6
36151	100
1414	160
7992	48
377	62
25569	90
5477	198
1428	327
33845	346
16341	99
2204	9
15725	109
847	309
21796	201
13194	171
5726	4
27635	2
22841	326
25820	132
3534	19
5477	36
30118	313
7176	117
34661	132
29794	95
5750	84
32566	63
3205	90
815	21
24121	184
10048	139
18675	167
5670	19
19465	165
9582	65
14607	26
14501	50
18206	34
1794	79
9176	359
4695	228
35681	277
36393	309
16017	321
35681	368
501	149
6650	204
29954	112
2364	203
18675	62
7199	121
9582	178
1249	163
3589	62
36149	7
24064	271
14333	118
9582	21
340	51
1245	368
3011	292
1243	261
9078	95
352	113
405	28
6947	56
18014	129
12750	20
4695	21
1530	19
3205	135
29468	266
24121	88
24224	17
4924	156
30023	150
1685	109
317	4
15311	183
3224	59
297	69
23895	2
3011	228
13690	39
30023	10
18369	71
3072	303
14546	147
30338	113
340	14
15487	75
34672	253
7657	10
19107	245
15006	211
3096	175
2458	118
201	327
17759	303
12821	101
1689	68
15208	321
22030	152
35366	95
3632	15
6172	181
16762	18
1235	88
1758	3
8452	183
12975	20
9979	1
20552	94
22094	295
11001	217
3205	313
27681	313
2431	14
31701	5
36889	142
25550	69
4191	300
29096	300
2845	135
8452	4
28556	42
1356	192
28556	60
17759	201
20414	290
679	224
9979	51
31587	301
3885	85
27257	37
352	7
19107	100
7657	18
10359	100
18110	100
6172	241
17822	150
30289	95
21416	298
550	246
15260	129
12106	66
17822	242
21955	193
26021	330
4679	6
8260	6
17822	8
2826	185
26923	92
23605	45
9823	32
507	50
6662	290
21673	251
21130	95
16376	153
3711	122
35964	183
6265	147
31	21
3797	71
28970	157
21766	100
9823	133
2966	43
24027	55
25942	129
340	62
384	172
25113	313
36052	157
24104	59
5790	151
5453	12
20651	47
3072	63
28849	327
34646	92
12219	73
10052	180
19799	32
19109	69
12093	83
18684	23
16484	143
5790	272
5599	130
10746	53
18779	19
4016	99
31500	19
974	315
4357	300
3467	319
470	10
3072	282
3467	181
28053	4
30980	0
8694	145
6579	145
30457	84
28053	39
2844	79
27142	319
16840	201
15181	41
31500	113
1609	115
19656	222
32641	20
3734	159
1533	327
2649	369
470	21
8741	95
33160	30
384	5
5599	345
22506	94
290	282
11743	221
13691	120
290	229
16832	149
26326	100
17834	123
28625	123
18779	41
2496	241
20651	85
28678	99
12899	277
34458	233
340	180
6857	235
24723	288
24857	100
33282	125
25300	180
5274	92
3933	138
8082	128
4814	15
33160	214
24857	241
5247	69
5274	28
1345	94
16983	114
8923	1
35188	41
11061	60
35651	138
36014	316
31280	169
20591	14
34905	31
5274	189
2845	75
34741	350
29495	214
6555	75
25279	69
2817	69
2179	111
24857	85
31301	104
24857	104
560	183
560	8
16679	4
27325	4
25029	4
35188	118
33160	319
13257	332
22673	10
26028	29
21140	18
36634	69
21065	46
18216	120
2450	349
34180	62
2921	62
1345	83
30861	82
313	416
30454	295
32506	65
4234	317
36491	151
15643	246
2143	15
2921	96
3933	111
4586	69
566	93
36117	223
10783	6
36634	298
32102	273
21918	59
25857	316
16985	220
4586	56
9849	147
8437	85
17812	178
35286	11
34324	11
9638	332
21918	70
34892	23
4604	278
3734	20
19521	16
25857	21
24456	69
24975	41
3205	368
1758	235
19117	72
23825	174
11663	33
8437	9
2406	272
31237	20
11714	122
2921	51
15711	318
11432	83
1051	120
34892	1
12663	1
7802	83
33035	355
370	45
2921	94
34970	293
22314	369
24956	192
30348	91
2654	64
7769	318
3885	0
16258	10
29320	203
27006	14
1475	251
16712	298
15711	164
26786	7
3885	70
3597	41
32634	41
27948	23
4590	4
2654	16
30348	19
20069	246
3885	69
8734	36
31267	93
30771	370
2545	123
14846	1
12293	41
4924	189
9105	317
3597	39
284	93
407	355
15956	85
18604	158
26786	23
11788	26
17738	48
27048	113
19810	120
3885	2
14729	367
18548	254
9365	163
26575	300
4363	362
1444	242
1983	36
31253	204
317	10
7076	239
27261	63
7256	270
1689	290
20433	163
2845	4
3124	201
26846	54
5570	52
7176	52
1546	4
23460	359
4363	50
9420	167
25671	235
36062	314
2458	65
20433	100
22497	128
2855	1
37000	277
8604	180
8604	326
9016	78
2780	2
4924	62
2909	115
264	321
37096	69
28375	327
18329	246
4363	318
4986	224
24862	112
870	94
2917	146
10877	124
527	63
30657	26
21897	242
26811	10
16208	51
19378	2
15060	122
6135	71
3542	99
19524	101
5053	138
32617	113
5191	33
3542	100
32142	27
2173	192
7948	94
352	169
21213	326
34124	235
1758	152
3331	229
32225	187
15634	416
2173	287
5453	133
33984	92
13491	48
3481	131
6842	131
2654	78
15952	50
22109	313
2173	114
16208	344
22109	227
25233	36
10818	150
26570	31
1689	201
22109	5
19378	86
2654	173
5690	87
2417	149
3080	181
677	4
10243	18
10594	118
26570	19
6250	123
22811	113
873	261
3384	252
18437	104
18564	87
4590	170
17806	36
34512	79
28240	62
14237	277
22010	100
31804	153
1750	48
2845	147
6930	116
22148	100
10434	314
10954	100
4590	48
18577	173
30796	36
3205	235
13326	4
2528	181
8536	319
24374	50
34325	330
18984	359
22010	69
5717	371
3384	301
384	239
17806	144
31804	65
2528	260
34325	192
4930	18
22148	41
26746	316
23844	264
14411	318
384	223
13163	321
22148	20
10158	300
5269	64
5269	120
28622	330
5092	81
1045	132
6117	47
9709	31
5453	132
4368	31
481	128
2530	79
17796	62
5453	20
34372	40
28993	327
9827	254
6693	188
1192	348
9139	290
17796	56
5453	52
12314	41
4930	173
2143	115
19253	193
22285	371
14985	31
22960	31
29971	188
26626	214
24021	278
31924	110
1793	18
10261	314
6060	293
3217	220
6117	75
5453	227
825	26
30544	131
5477	8
5118	106
5270	198
17256	15
29589	17
2855	19
12113	36
22588	278
5108	132
1789	344
31716	171
14565	83
21864	310
21587	16
4924	18
22981	350
11419	165
8475	226
10920	295
19291	156
31284	170
21921	68
22306	63
28291	369
32838	137
31782	95
21955	167
5821	132
2780	0
10920	40
26626	105
20659	99
31782	124
13367	41
36302	131
27802	213
31611	41
5691	152
19300	332
14994	75
10500	159
31782	121
36183	41
2826	139
2776	43
847	201
9708	201
16116	241
23822	74
10500	83
2493	69
1144	260
2855	314
25586	69
2831	23
2831	62
31755	298
5343	327
32546	316
35721	63
16590	261
5670	266
31027	219
16762	362
11603	254
31273	251
5477	254
2528	69
16590	79
6554	261
16898	16
19651	159
6554	181
1241	4
35649	18
35721	75
20580	235
20304	126
12087	126
36715	118
16590	319
36715	323
16762	225
28218	81
12326	116
7368	19
30173	106
9757	293
9016	180
27788	223
15419	220
13529	84
29691	101
2908	10
3769	310
2780	283
28845	159
3858	148
24803	17
7299	41
36033	313
4930	123
10307	85
29037	85
22084	19
34114	69
12731	19
6212	171
3407	95
11094	327
3359	17
17766	135
1689	74
25446	45
1245	19
384	95
29524	15
5578	52
365	113
2480	41
27465	155
3885	101
15339	103
27620	36
32895	106
15339	180
1249	132
22084	186
14506	5
5570	249
2775	75
365	332
31965	205
22084	94
15339	94
36888	30
16898	39
12731	41
3351	99
1054	253
5578	56
20170	245
1689	227
36033	251
23205	34
5578	78
3803	241
15339	40
26639	175
405	184
32895	59
29537	146
35269	64
30650	8
24878	147
3803	182
25866	8
4930	222
18445	152
5274	192
10063	159
35744	211
2493	155
27825	69
18200	180
29701	151
18075	16
10382	100
22841	101
3391	100
24672	275
14757	48
23426	41
3072	167
29953	5
14398	227
24672	188
15051	7
2776	123
18445	148
34002	112
36010	126
4930	144
27807	151
18200	4
34002	327
27807	146
340	56
1954	293
29701	138
20548	135
29953	19
28473	40
24808	7
35346	45
34448	92
8146	87
1821	156
2493	63
22998	160
33663	139
23611	35
2392	251
423	138
21843	64
34448	16
9113	113
1717	55
9932	53
34448	120
1717	116
35346	116
13376	40
3080	19
3384	317
30860	100
22287	159
34667	36
21090	117
1689	117
27087	31
18591	47
20145	228
33663	144
9358	47
3616	62
5159	165
31910	239
7285	138
8885	182
6308	105
11185	182
8885	23
2855	72
6308	84
20770	120
6344	99
878	74
5247	74
6344	60
6969	301
5191	229
21292	113
36419	90
34628	151
12836	110
4423	103
2855	326
28180	16
22064	6
6344	70
1689	78
35819	100
21292	4
26962	90
21360	163
5059	220
5247	157
6308	70
27665	36
1789	101
5059	88
22331	69
21096	298
5108	193
23606	189
6831	226
22783	239
2136	127
14421	99
28157	113
34437	237
16584	56
33017	293
2136	228
36285	117
16584	113
30212	40
8158	71
16584	19
13854	245
15874	17
35097	142
29096	229
8158	88
34998	23
2364	122
7831	16
3885	34
36065	201
15548	9
5556	242
4930	79
430	149
8694	226
2136	133
25008	87
4299	113
3885	117
8245	8
2121	31
16999	70
28515	113
2136	103
3671	19
8158	120
8451	135
16444	46
15829	39
5556	46
23579	116
11231	69
36556	89
1098	35
22829	120
10937	120
17990	277
17858	101
20323	83
317	68
21500	19
3359	31
34501	98
566	89
34327	192
15970	152
21376	45
18057	79
4610	368
23639	5
18057	22
15970	23
33401	15
30134	100
18916	74
36556	74
2493	146
4587	19
7417	89
36246	69
24116	71
7417	235
6461	235
36246	321
13239	298
7417	117
24136	235
7978	8
8519	41
7518	59
8574	34
8519	18
23625	132
20717	11
35646	16
33423	138
3592	90
12097	220
28597	201
8519	167
317	55
4648	127
3481	55
4930	150
9763	34
17448	245
2418	64
11105	88
15670	17
22647	3
21800	12
20267	114
8519	47
30928	16
3481	69
12178	116
30809	10
12467	69
3603	56
19260	318
13721	71
27696	331
7518	37
22760	63
30809	62
21381	62
10927	66
22378	310
3933	228
5670	293
20188	120
11589	47
13222	36
2790	416
13222	192
7728	172
14405	64
290	262
1694	113
8759	26
14291	309
10320	326
460	47
460	109
14291	165
18126	157
10320	65
21286	204
3506	10
2885	327
19982	59
13222	92
27312	198
18527	104
14291	11
23690	105
21135	261
13848	74
13848	164
36949	122
32960	62
370	126
1750	313
14291	303
9860	159
17931	122
15675	220
3885	152
31619	11
7453	18
7453	151
2483	187
10131	111
502	318
3967	41
4329	62
5477	84
31611	220
9695	100
17931	314
24219	327
7926	180
17931	228
6094	59
33098	64
12349	69
18101	229
18109	416
27963	85
28883	19
2483	178
3270	64
24854	131
32414	219
29810	159
29334	159
4930	51
23340	39
7453	20
31387	298
14600	229
5496	48
21844	165
10131	116
8656	95
3885	221
5360	116
12329	37
9576	317
1794	266
1741	53
36393	138
31467	87
28584	314
28602	34
36393	101
4587	3
26544	53
2493	66
15477	5
16632	120
20268	126
1098	227
31525	11
4587	123
4091	116
26544	33
5898	298
8690	286
4870	62
18397	20
36793	349
32526	272
12329	34
23586	187
28602	19
26063	27
35626	239
28584	41
10862	41
36793	371
5133	75
11558	149
20954	85
878	147
3072	96
15839	266
12137	69
9857	69
352	201
1794	16
23067	83
2545	177
26183	251
352	148
23839	5
29750	10
13914	95
28522	63
5790	235
9932	300
36720	19
9742	107
34029	123
13914	227
23428	163
1794	156
4419	144
35486	376
4924	46
13806	254
2545	252
13441	290
5059	167
10735	155
35454	169
16055	11
2441	26
3072	313
36977	15
3616	313
5108	74
36720	15
167	277
31066	4
26966	214
33906	123
34110	123
5265	220
25436	46
14815	46
1750	46
17096	101
25160	31
30095	95
34110	252
22843	227
3994	17
17456	113
17064	147
30292	7
16685	18
9151	239
352	313
30038	151
32001	261
2215	35
24781	41
22014	184
10584	170
2998	15
30284	300
27042	167
3184	147
12446	20
11376	253
7978	41
11919	193
27728	138
34110	330
4648	188
2850	198
29181	183
2580	327
7970	57
14237	183
16501	47
27728	346
11538	220
8292	7
24393	192
5618	258
10205	73
3769	16
21436	290
4648	41
27728	36
16501	197
18421	213
2580	68
11734	251
13809	85
33839	201
1098	321
24663	201
5732	22
5618	124
36416	120
17782	144
14363	112
411	146
14277	69
13374	12
27043	173
1750	173
24098	11
10032	113
19071	120
9177	184
14277	159
7518	300
3969	290
24393	445
16823	214
9845	108
6910	39
30966	315
18352	109
24025	131
34957	12
9743	50
9466	229
21805	120
27071	160
10746	136
