10746	136
29428	22
34961	379
15098	63
34961	313
18903	79
26435	56
4767	205
22882	143
34961	372
9931	283
19071	99
23258	93
33377	74
1697	205
6837	53
34501	157
25980	12
34437	62
3407	137
26570	254
28169	2
477	314
3858	18
8202	69
8832	378
15711	277
34999	292
1483	116
20952	84
3384	104
32622	372
6326	113
14474	235
29774	120
28354	41
3093	56
195	59
3205	93
2483	315
28932	254
3933	88
6363	79
27672	111
32711	2
11733	11
34501	111
4648	117
317	135
11275	120
3093	120
26570	326
29123	23
825	159
17439	213
2547	213
13907	15
24232	7
167	333
34613	124
29338	221
1273	100
2697	100
12982	133
32711	19
2649	306
32622	19
32524	159
2562	120
32033	19
28151	220
25070	40
19117	90
1793	228
4930	156
178	171
5274	7
33087	223
33217	221
4557	133
1661	146
5726	170
4930	17
11887	146
4079	83
2496	100
21442	227
11887	83
2654	100
34312	9
1301	83
11887	167
35729	129
20596	123
16687	251
11887	110
36927	116
11887	162
3247	117
32524	26
384	370
7033	4
22955	41
2562	111
21442	116
30193	79
18237	192
12118	18
2611	316
31030	15
5726	251
9102	198
32033	51
267	327
25354	105
21293	198
5726	152
24516	92
405	309
5510	64
1240	123
24895	300
9484	131
855	11
16445	96
28329	96
35217	167
352	124
18713	205
30533	7
9484	88
9429	50
35466	106
3078	94
15238	221
28274	27
37138	120
10220	315
28329	95
3081	68
4363	18
29499	211
5274	31
16445	41
33663	129
17488	41
16445	81
36712	51
15022	376
6157	260
32757	123
1689	126
1016	242
19056	90
33668	211
5948	261
26633	317
527	53
5477	143
1016	171
19734	95
15444	95
1820	372
5570	316
26633	58
2984	52
4194	139
35593	1
4590	150
1334	99
33635	149
27928	184
2984	170
20448	224
3603	261
1750	113
15338	170
21948	46
16732	138
9787	84
16732	18
1689	165
19988	133
11535	227
1247	217
20054	12
33635	147
16732	167
1875	18
13851	31
35593	84
16752	78
5477	226
11806	123
745	150
8767	85
21066	167
27917	58
33104	248
20045	78
2683	149
865	41
7231	100
21719	165
2496	111
1750	327
3226	51
7231	4
8131	33
1710	200
30418	36
23334	12
24345	223
3847	152
2683	152
11503	74
2493	7
17104	7
4590	95
10056	175
11503	180
14186	105
3994	254
25393	86
3885	4
2493	338
34445	89
27378	26
17903	84
19179	221
19306	88
2214	276
28986	199
4403	327
24393	316
16362	19
11326	120
21185	90
19306	138
13311	9
14799	121
12118	65
21185	271
17760	223
16006	27
1444	83
2173	26
19306	95
31900	69
21185	293
685	18
4831	95
23234	112
10956	201
4473	74
9203	16
4684	198
15185	58
29176	129
32294	129
2173	65
32086	31
317	315
35565	13
1364	33
36620	293
9235	337
4283	90
16963	93
20309	56
729	147
5703	84
3205	250
4933	49
702	221
2480	211
3933	261
2042	123
2902	264
3933	318
2215	9
2885	100
22159	43
22159	129
2305	49
460	152
2776	251
2392	113
479	211
1187	100
818	371
3572	301
10691	324
24857	378
1611	100
974	39
18594	3
29507	276
2493	18
19181	94
487	15
23597	83
4283	182
172	23
3072	329
172	270
4428	46
27835	59
18640	59
4118	13
3072	47
3439	213
17382	74
713	295
4735	147
2952	20
25301	328
1812	192
317	254
30422	349
1917	122
3217	104
5790	16
29787	25
1943	113
32456	129
1106	100
2921	71
4767	293
1943	123
4859	200
17831	43
2650	264
2855	221
2205	355
12501	71
1794	83
4222	117
35951	147
26515	120
4930	315
268	225
4950	387
3523	3
13133	39
1504	243
1504	107
22315	12
3294	161
36710	223
1070	154
4590	110
9497	234
36710	228
240	269
26735	331
3205	387
20832	252
4904	62
4227	65
5010	374
5488	69
3640	177
3640	213
26515	159
20949	387
2528	36
4822	41
4722	41
722	119
29340	391
29340	223
819	177
2528	406
36795	238
2173	227
974	129
2528	148
15269	156
405	91
5405	213
1010	187
1668	4
7208	81
3959	445
35613	324
22923	328
3273	374
37115	429
5226	3
570	123
897	123
4069	129
3974	55
1273	211
5922	10
830	250
4583	100
29542	113
32373	183
560	321
10175	301
8823	379
3632	381
3632	77
2769	254
31146	115
2034	201
5217	192
2883	205
15649	220
1235	29
23959	56
28088	328
2528	205
394	115
295	167
31334	405
9240	280
28483	130
15868	178
4210	239
28677	100
12724	108
32440	117
5270	123
13011	0
12724	90
5382	280
12969	62
2520	118
2020	51
20106	231
16442	65
5382	404
4930	170
3885	45
540	100
4586	68
15149	115
133	17
1215	64
1215	100
21013	11
26648	54
1528	7
3376	177
4950	362
1528	180
481	243
1528	120
32584	388
560	315
28151	156
20051	229
32584	243
1528	189
29060	138
17368	375
18176	90
423	355
390	65
5452	253
3673	181
1689	428
37067	43
729	93
1794	122
6736	209
4724	24
566	123
32513	59
1222	402
9680	241
9064	33
4998	225
32440	228
5235	528
2514	360
13040	15
5789	301
3933	325
225	440
3060	123
630	187
32584	254
30021	10
15012	178
4590	2
3877	2
3161	72
4561	116
5643	43
4730	378
35489	254
4763	252
31073	152
7542	119
5453	182
4930	528
5614	4
3322	53
10195	396
1773	221
22451	20
488	378
27113	85
15274	403
4737	69
2181	375
5726	452
4950	247
2493	115
33387	123
3249	317
20947	429
892	39
26332	177
7061	162
927	233
2656	119
32306	525
32260	418
2726	173
11861	252
3430	178
3005	16
18916	387
32584	116
5274	131
3411	123
1750	154
20269	546
4822	321
26601	404
2204	90
17767	528
29449	348
4379	25
31150	445
1711	391
7526	7
26601	220
10599	285
1737	381
1737	179
9650	452
1035	161
313	375
1873	254
892	147
20337	106
4205	222
1758	330
1011	123
27047	69
18916	525
421	13
14184	46
3237	396
838	35
17888	123
3409	147
31320	27
5360	461
2113	68
1750	4
2536	117
28552	12
32678	146
3881	32
18916	252
24783	20
30379	419
17808	527
5249	88
28611	396
28039	148
4157	392
2483	83
4157	169
2052	13
3470	32
21603	252
4222	62
861	163
10927	199
21096	17
2418	333
33593	250
5059	238
2780	196
4283	123
3736	328
11612	225
3670	188
11751	123
630	140
14753	370
30658	306
14753	183
18146	225
560	300
10753	69
12323	47
30942	254
4079	280
470	250
9194	388
34235	528
3124	321
4726	214
22592	252
13348	378
35156	152
690	173
14214	152
11277	332
7863	13
241	301
5267	47
15162	530
17766	328
2092	355
2064	584
4907	19
2093	120
488	103
5599	52
5599	96
2185	326
12436	213
6032	437
9437	19
2496	250
3360	208
2000	5
2000	10
4221	178
4590	148
32855	19
1192	409
1405	250
2654	423
669	319
4807	132
4239	69
1697	278
1702	117
13319	260
3706	120
30380	120
1774	32
5678	440
3708	19
17102	74
1118	105
3708	400
3708	69
29445	13
1118	40
3719	410
3708	83
4283	153
951	108
2370	387
2373	187
3039	517
4845	275
4135	179
2921	396
36337	315
5578	165
4640	16
27005	347
32584	398
1346	100
2962	281
32584	198
3178	78
4068	423
25915	276
35664	174
18861	211
1530	387
28586	396
4143	110
5803	328
2562	248
21968	123
5099	305
5058	540
16350	68
4887	4
13950	406
3526	120
3925	321
15220	259
830	92
4712	241
3205	381
2355	489
24589	517
4891	198
18136	163
10214	344
10214	230
11035	375
5262	209
2102	253
14399	118
5262	402
8780	25
1690	396
26242	385
3316	156
365	42
696	123
3703	321
18664	167
26378	34
4300	563
2921	4
34592	84
22279	361
2528	531
10739	428
507	92
23034	387
5181	45
4097	83
26932	153
3919	259
4531	570
2562	13
2295	140
459	32
17290	230
21197	513
3534	386
18412	2
5136	540
18412	189
3414	472
1770	425
5090	95
3547	351
3774	153
906	8
26552	123
11596	229
14508	241
32132	428
845	253
3226	151
2680	257
2855	20
1235	354
24217	211
3221	120
927	375
32684	228
23284	54
5606	337
1098	252
2817	533
1246	123
3616	116
1098	301
2492	213
32419	387
32289	423
5418	487
4797	211
10407	425
3841	324
1636	123
30949	402
10164	179
3436	192
4587	85
2033	540
4379	286
18776	551
3936	211
22221	396
1562	390
2187	160
13715	429
3878	123
5045	381
4950	499
13847	570
6432	321
13348	466
3205	563
4912	147
32584	131
14279	370
5654	179
4050	351
35869	121
4767	527
2064	394
26523	555
10198	600
3962	426
31179	258
3959	451
781	374
26523	409
488	10
1878	324
21216	134
23430	528
1685	13
34524	470
33831	549
1938	211
1758	37
4236	23
3078	168
4108	58
854	140
28998	47
470	427
23270	378
19724	332
3078	310
14753	242
4038	398
4041	585
14318	4
321	177
2143	116
10927	336
23351	390
32603	132
28732	514
1815	57
10175	338
2057	250
346	140
20188	174
470	174
2528	228
7970	192
28218	85
36226	83
696	326
4590	344
3428	321
491	328
1247	156
1569	228
1247	10
1569	96
1697	44
23629	80
1158	211
5696	296
2528	124
1694	51
3217	26
5183	313
10197	3
313	211
24021	517
31975	113
27652	527
7983	123
3217	656
18080	50
12147	189
24438	46
35087	426
18631	16
30905	49
30905	321
5702	526
1701	320
292	40
32584	39
30983	189
20374	34
8757	152
2355	585
3205	569
36835	94
1166	255
9200	49
32101	124
2215	184
21023	226
31975	226
1759	393
21023	4
32584	137
470	310
5013	17
8224	334
26910	66
2651	3
2102	250
31385	19
27536	55
22317	0
33319	81
243	161
1273	257
2182	113
5326	50
243	150
33319	16
2493	2
18052	249
19063	116
18412	502
3148	554
18412	100
285	11
265	399
2284	387
265	546
1952	141
2024	123
729	471
35769	100
300	532
35248	100
30077	278
30077	580
15362	538
289	363
9346	369
1569	526
4737	92
25187	180
21291	426
2998	395
4737	120
3547	328
25187	492
32868	513
12724	136
5227	526
5770	341
352	153
3032	513
8787	13
4363	409
3994	449
26960	321
31444	73
4568	51
33951	260
1016	394
4648	282
19549	126
4648	73
32586	11
18810	242
15820	223
1727	484
33951	156
3205	19
27623	404
4967	502
33951	4
23568	445
1569	375
4587	83
33951	69
13814	50
33951	198
33951	209
15407	327
29337	57
30327	223
18033	594
3355	87
35231	554
1365	65
2855	551
18033	227
5270	428
17728	169
30254	275
2393	59
34194	0
1435	225
30254	462
4748	264
29345	118
1051	34
17632	484
25581	532
9887	83
17632	201
6598	25
621	16
29345	406
25869	178
30740	378
10186	361
4590	9
10186	379
16299	94
5716	70
22112	12
5578	18
18655	402
30740	349
5777	113
2802	25
293	517
20987	496
4840	427
26658	467
4915	189
8511	146
8511	105
37073	386
1630	154
1630	235
22074	120
16354	123
961	335
4568	103
12878	20
11242	582
2143	282
2053	4
1345	65
12878	52
2473	4
24302	330
4304	433
2873	136
3994	15
873	472
481	528
4924	19
24099	116
4432	400
4432	402
5868	10
3594	471
5868	386
21612	500
4924	435
21044	644
4340	179
3205	293
4340	549
4924	433
4340	460
470	648
17191	192
3587	321
23614	123
16809	493
30026	497
1070	513
17313	431
10794	220
4205	538
16595	386
18528	26
34175	549
3435	386
5219	502
1070	431
2654	632
16595	603
2120	468
24733	682
352	477
847	431
847	375
2120	554
5374	371
3847	205
3847	320
3847	328
3885	600
31311	569
2528	85
3719	162
12446	599
4587	209
974	14
25959	178
31127	386
8646	328
24023	163
4930	162
2184	328
4767	224
1444	471
3483	140
4016	551
37131	644
22958	9
20105	536
17565	41
3265	187
3616	170
4968	452
12724	95
3384	314
3616	91
405	362
471	384
3217	610
5045	399
16891	438
30014	482
4079	79
5587	570
1345	120
1381	253
5587	540
36248	121
21836	140
27834	543
5209	238
18994	219
9828	41
2418	544
2514	172
4924	154
974	647
4134	213
1016	161
13538	587
30429	189
1282	431
9472	90
20387	561
1701	131
3736	565
2780	499
30304	113
4930	57
830	81
6813	196
10245	147
25818	632
4413	36
1025	123
7551	85
6478	268
1789	569
5649	282
4299	345
24790	240
11867	366
25570	374
21720	113
23928	644
2483	120
1276	123
13244	149
23928	589
352	569
20927	586
5209	250
2355	126
2309	321
17543	451
3078	612
22211	64
4767	168
24325	123
269	7
6208	153
5045	215
14291	21
873	85
24533	94
22211	112
5261	9
22211	181
20188	384
26460	343
5775	123
33988	13
26648	474
31573	105
33167	85
4235	123
3072	344
24057	484
1689	59
3432	32
2855	433
3072	257
5441	497
5360	505
3488	148
12926	254
1689	26
1444	179
2186	387
17210	333
15637	416
6813	505
558	13
530	360
6813	132
1870	253
1930	587
2344	587
21040	69
12744	572
10794	568
2355	83
2355	624
9189	49
2926	514
4915	314
9513	534
2227	123
974	607
4915	84
1345	493
5429	147
24533	396
18916	270
5659	94
4915	130
29249	140
16937	72
5045	537
13847	682
4497	35
5045	60
12852	395
17078	643
8759	386
5045	597
12852	309
317	15
2841	549
5045	515
236	477
5045	558
1312	66
4697	643
2184	400
4247	526
5013	420
752	463
2384	118
2654	397
31763	133
31763	123
2491	433
2094	381
3480	495
2392	4
6064	128
4476	230
3544	648
12808	179
2528	555
12808	307
2528	517
2528	118
23254	412
30254	160
1249	123
2732	682
29410	57
10611	328
20286	408
10611	333
19243	607
5459	426
4284	413
4699	648
29794	434
2582	390
5459	433
5459	428
4648	607
5108	161
16616	177
4311	608
3847	362
4311	147
18153	100
4018	550
20396	264
1179	402
2589	229
3078	512
1179	387
2514	690
4137	253
25727	644
2654	147
381	60
4910	257
3124	599
1794	5
21621	450
29900	347
2822	369
1368	81
3594	19
607	250
2826	0
3270	5
317	57
17205	131
3348	466
10186	550
4590	19
3105	387
17205	140
5341	123
28458	116
30049	738
4954	433
11538	507
95	705
4084	209
20238	5
26178	179
16793	541
5019	253
726	178
28863	99
16793	34
3885	59
14144	100
2493	100
24909	397
3514	222
8781	328
1388	647
20155	213
4484	53
352	387
393	281
489	630
393	321
5274	609
6823	226
3063	119
2841	566
1066	504
1066	625
2841	404
5453	178
5744	507
3426	395
1066	604
4570	253
1692	86
4648	419
3998	477
1731	140
1692	19
1692	168
19824	168
9697	607
2841	560
2790	226
26554	91
1066	192
2018	181
2018	400
2181	563
8243	94
5887	123
18403	482
18403	45
4464	705
18403	241
4922	387
31179	464
24533	381
560	0
560	542
18916	112
24287	127
8243	229
3642	137
24399	334
26306	168
8244	560
4158	213
5813	387
26275	568
151	69
29193	570
2736	79
3857	612
4359	170
269	36
5639	149
12423	62
29959	43
5219	116
835	253
3072	223
3719	586
925	152
3072	328
30088	385
31286	5
34175	184
1266	431
16813	83
3909	85
393	512
14148	241
3072	111
2025	432
5339	419
14148	188
4628	100
35891	229
3851	750
2513	529
17898	620
3847	69
5640	254
4936	395
34430	538
4936	9
21185	161
25187	687
9695	26
2647	259
5274	647
31393	599
3899	751
15510	65
21185	265
4108	17
5274	517
5725	304
5579	406
5459	514
1615	584
5084	705
12180	140
29782	698
4869	23
4063	679
6731	94
5084	219
4227	227
5635	178
11503	606
5038	73
2528	607
29693	523
29562	624
3420	497
4056	500
26918	16
31782	679
7507	113
12540	559
3909	449
35066	421
2530	15
5302	25
365	699
36278	95
2530	36
2450	139
2184	495
9986	270
29562	120
5219	179
2855	724
16940	113
836	187
3036	860
31974	508
29506	321
25357	692
4930	535
12248	19
31974	107
26456	22
18789	679
872	362
3205	0
269	94
352	213
2855	285
26456	259
33731	599
27741	355
27815	314
20188	94
2826	624
3719	214
2409	184
36964	230
18403	397
12374	123
5270	417
18403	75
2528	515
1273	574
18403	90
2528	100
1392	712
481	258
481	469
12862	20
15298	228
5108	510
12862	179
481	330
2245	213
3580	411
4779	16
7832	426
3058	100
3705	402
19771	6
27822	107
2824	333
27850	115
481	419
12862	132
12035	497
3273	488
15233	317
6791	85
12035	378
35307	152
13311	561
6791	23
5095	666
12035	264
2294	679
12035	77
5620	528
32681	118
5038	174
2480	33
2886	400
4283	345
21185	137
2133	168
21185	165
32687	643
4470	255
1749	84
2528	399
30267	113
481	594
31270	392
10538	680
32288	332
20421	4
34038	661
12997	149
28852	553
19377	120
167	579
1388	141
34830	651
4930	126
2924	264
4930	597
10835	440
4930	59
1794	230
1503	223
1437	514
19735	221
22149	346
4799	698
172	177
1427	721
1080	666
24180	140
19735	369
36618	139
26929	299
1491	510
1446	163
380	49
24405	113
20047	192
24180	543
32288	1
4018	682
34928	213
19735	373
25158	17
8143	140
2711	304
905	637
5202	110
1689	178
20786	662
5645	397
22470	554
36216	637
1689	751
3072	21
2514	458
4079	614
22149	103
3586	264
1597	10
355	666
289	105
2399	247
13766	395
11836	13
13766	487
11223	593
19994	340
289	156
289	121
30636	46
24147	100
20733	609
20733	431
20852	37
20852	170
2219	213
2055	126
3688	24
2923	69
595	611
3764	94
14420	29
24557	607
14420	65
30182	486
1449	698
31725	563
2649	264
20907	282
21023	254
27648	53
2120	634
4094	69
3294	5
3847	220
35840	418
33054	24
17548	250
33125	131
31304	562
17695	123
5534	445
4587	644
2859	440
2176	454
3463	184
5248	59
2384	511
28076	220
25872	656
2493	387
25872	240
28798	714
25872	576
5314	513
992	561
1809	616
2384	682
3847	397
29063	322
14980	84
2229	402
11970	530
30429	428
1056	19
3217	328
1443	505
5148	123
22102	5
2173	123
1443	646
19283	918
4822	642
733	16
481	418
10705	301
30029	198
172	468
4599	609
5605	420
1273	665
35962	477
5605	205
11442	69
5668	705
5477	13
32949	593
9784	79
3359	251
2518	91
26460	429
4233	322
29104	124
16252	745
29104	127
2855	430
20731	123
58	100
21596	378
29973	213
3880	113
3719	333
326	143
29104	254
2133	103
1345	638
1161	201
36123	326
13154	65
6488	631
4901	453
4419	10
28643	103
4565	480
4016	667
16311	100
3796	510
6777	211
12763	619
2571	699
2919	238
5109	328
36260	484
4870	512
28710	43
4870	834
28336	651
16078	229
3068	4
5045	570
3106	646
13557	355
10474	108
314	152
20852	918
2355	666
352	343
34929	94
117	490
6458	120
30135	384
1428	230
2648	56
24093	454
29741	396
20078	599
5716	608
18403	44
29133	638
4592	552
29106	56
1689	386
34524	120
2926	321
18403	34
18403	204
20574	918
3020	750
29106	75
5246	619
4895	147
2496	113
2855	128
15358	374
24093	56
28935	126
34424	699
2776	257
30495	280
1750	410
630	471
36101	115
3013	77
1045	213
21089	477
26267	374
14316	169
4275	54
5363	10
1470	917
11947	120
27479	259
12450	439
481	148
2823	725
2647	506
4586	665
2647	471
1594	573
1098	946
36101	68
33371	345
4587	328
481	406
9719	43
3837	357
23792	634
32024	100
2647	165
21185	23
35653	628
20069	617
12169	918
36101	262
36101	380
4924	231
27844	32
35495	30
1615	876
6939	94
5175	129
10690	299
16856	17
4890	148
36101	174
3742	100
5063	384
1615	69
32610	69
5782	49
1960	81
21442	875
4846	417
3217	28
5906	88
30878	45
2654	153
30878	249
13814	205
2130	196
2528	918
678	557
1444	120
8048	184
4924	644
1050	700
678	642
30361	380
4930	617
1960	257
4930	26
2355	549
19950	65
23904	409
23904	205
1689	71
1444	128
4930	119
33646	429
17776	119
15262	199
340	120
27415	496
2855	9
2150	316
25055	275
2150	877
4561	387
20582	562
25055	449
3909	120
25446	179
1975	459
2652	282
3931	630
6815	381
29436	36
2831	12
9738	415
14125	116
8018	56
3215	682
1714	667
16581	240
15987	55
4194	585
11947	159
4093	351
4273	351
25686	188
12542	85
167	387
873	660
17683	5
4937	918
460	411
21175	699
2921	280
25412	328
21442	880
15181	123
15987	507
9869	336
15987	168
35834	294
4930	34
12157	264
18549	230
27521	33
4475	669
15987	189
36130	174
35568	532
560	420
27521	100
2855	436
2855	546
1789	69
5224	69
3209	929
17737	388
12051	280
7231	80
15987	584
12944	45
15987	520
15987	409
27644	75
30657	140
3732	917
15380	915
11149	462
13312	71
13312	437
270	181
5791	424
3026	49
2363	69
2754	74
4635	389
4635	380
4383	109
4648	666
4383	374
33355	412
7381	891
825	253
2926	209
2528	83
32113	123
317	192
31546	44
36471	787
2841	188
22258	483
26886	787
4648	387
678	546
678	440
22455	337
35996	342
9598	471
2571	428
41	435
26106	48
5274	650
1750	669
1051	171
2496	157
460	148
26106	17
14004	462
4737	794
3616	54
3210	168
26106	25
3507	113
25055	405
1726	171
2849	123
1726	79
481	400
22847	25
3171	875
2932	451
6223	428
3933	530
1726	381
1726	120
4031	593
3171	449
27550	784
2491	701
25539	917
2484	429
2483	418
1245	243
18402	31
8518	400
5696	497
22682	337
22459	488
405	34
2895	328
5762	690
8518	585
3011	622
4937	939
2186	819
3822	254
8518	435
18753	111
28851	34
874	5
1694	427
1245	260
21681	51
9402	140
8221	178
37128	718
2933	385
4924	918
4352	563
5894	196
2496	268
678	463
4587	816
1705	439
8660	816
7821	169
10480	334
3239	123
4395	668
629	654
3906	66
25116	526
14949	723
25352	644
4985	754
2064	433
3083	404
4395	517
14114	140
3507	445
33378	318
6673	163
1615	18
7484	374
1615	884
3222	262
10665	150
4726	587
5403	939
2374	643
6673	335
5274	69
10417	475
1050	389
560	400
2872	211
29816	643
4930	647
5551	374
27180	571
3351	492
4603	328
29943	157
1204	727
3571	157
33583	786
7197	447
4930	242
1444	238
487	642
35819	254
12988	451
12988	278
5837	779
32503	179
7989	179
10012	418
2635	253
3571	459
32503	759
4930	198
33583	793
3847	326
1942	253
17861	227
29943	100
1444	759
1966	393
219	718
2514	10
2991	892
3207	658
10198	819
1199	328
18051	22
78	481
3305	264
20655	457
4386	567
19251	451
320	664
395	291
1156	147
14311	181
36703	896
2514	24
2762	156
32841	47
32108	31
78	476
16428	328
4016	317
28707	20
28532	503
3217	17
28532	317
28707	585
14154	339
1811	339
16428	120
10739	551
8123	750
7272	517
10739	387
5219	510
3699	69
360	698
3507	920
29042	620
258	643
733	409
19398	176
437	103
10739	125
733	428
4388	939
4199	4
258	83
10739	418
3066	864
24771	781
437	90
4333	819
29042	362
19398	94
3699	189
3699	184
25025	382
3699	324
1444	628
258	787
22883	811
10338	539
1917	929
2659	211
18728	100
14786	163
3039	100
35928	757
4322	100
7311	959
24701	734
7044	236
3933	843
6271	529
14876	840
21553	884
24233	279
6993	816
16311	586
2757	305
2341	628
34719	176
4930	10
4843	790
4883	421
28663	302
1582	212
15389	50
21553	718
1582	120
24701	821
29692	42
1750	439
32918	113
27606	881
8102	793
9810	931
12191	119
15358	743
31179	362
3222	137
1038	920
13489	463
10318	819
8102	757
22340	5
289	37
15167	917
23619	545
26783	510
481	253
3205	747
14345	11
8143	443
3222	505
2752	705
33659	276
14597	536
3080	644
21082	790
4767	784
37105	790
5274	65
4930	624
20574	759
20188	883
3408	211
340	314
29364	620
2020	811
1240	920
352	789
3481	84
707	816
542	816
30794	409
20574	782
3408	131
24646	230
7447	811
20188	671
30220	701
560	75
4930	112
560	529
33847	842
4930	146
1926	150
30794	470
6822	212
13354	212
13354	448
12921	129
9029	668
1634	369
70	497
8223	900
34148	141
26848	262
14002	427
8169	690
2493	722
33789	84
23960	728
35351	66
6064	228
13087	900
4587	780
33502	784
6976	249
2528	229
14002	536
31342	69
31342	782
16138	626
1651	123
21385	88
5294	776
21385	168
5294	790
5294	789
2491	793
15061	499
5294	757
4502	794
21216	66
1192	671
1823	809
3078	239
2493	242
31342	956
4124	90
4502	842
24388	112
36798	853
13980	231
4222	213
12512	65
6690	900
2115	170
22189	100
13770	100
12512	131
13803	321
3217	177
2819	498
501	10
5949	136
15705	421
17312	561
4401	215
24399	759
15142	69
16556	435
4582	950
12440	69
5294	853
2406	757
4283	654
3205	199
7500	780
11273	41
1199	255
4227	137
29403	668
4776	178
4730	811
16140	784
3845	816
2	585
4283	840
15029	612
3872	0
2749	139
29355	842
4758	163
2204	299
10515	481
3168	940
6345	326
3246	599
8300	783
3481	488
12131	940
5274	485
4283	591
15274	132
20504	9
14750	605
15274	779
31073	471
29364	853
2545	159
3857	909
8589	499
3671	794
14271	753
14271	734
1492	753
35485	753
4739	306
3434	613
32108	412
4197	867
37117	310
3058	840
35485	760
3857	782
26946	870
32108	435
10749	720
26810	59
6345	274
11708	811
22366	916
25554	31
8037	69
22923	296
5783	882
17449	0
4227	821
21926	310
3803	742
5108	578
34260	99
1689	676
31975	822
18218	0
5108	398
26709	524
21096	59
1947	868
801	276
5108	262
6829	756
7091	296
13613	495
18218	95
691	940
21047	842
5219	882
28626	816
390	612
1689	784
21350	865
21350	413
32667	705
2528	177
949	291
2287	291
352	112
2514	790
352	328
5351	958
1050	116
14842	540
17275	358
5766	385
13489	499
2885	254
561	254
5360	782
5791	119
3101	501
28083	178
4477	454
2649	118
4438	423
1683	790
32266	670
28222	816
1247	545
35634	255
2637	255
2649	41
2637	792
7406	816
9405	321
21185	503
5294	759
12622	17
21185	103
25474	267
2173	584
5294	640
7989	149
696	278
730	59
13049	69
9165	837
14642	898
4924	898
3205	254
4379	17
30733	255
17928	243
4379	667
737	161
3250	178
1166	219
30733	727
4351	123
2173	163
15918	451
432	612
21811	705
36179	891
36065	212
2845	164
21831	135
17949	756
32205	226
18639	45
12084	684
737	27
558	759
17949	794
558	284
3384	284
17949	657
25222	301
18639	790
17949	270
2496	248
2836	950
6263	71
2913	733
12788	581
1021	125
3039	882
