22147	271
3078	219
3298	254
13667	928
3933	169
3933	963
5796	375
2384	192
2384	10
10165	6
747	218
26758	899
26758	314
22147	643
35948	313
28493	666
4327	13
1697	260
5186	129
2613	211
11822	177
246	989
9829	123
4648	1010
643	71
6105	934
1816	104
3547	100
20343	126
12492	368
7447	3
18498	250
14638	223
32978	760
14685	213
4930	55
284	664
30402	1001
13690	884
5212	161
1235	57
16332	63
161	360
17014	213
5129	239
3513	53
3513	79
2921	861
2921	39
2921	823
22798	52
21550	300
21085	286
29709	151
29709	143
34493	222
34493	314
34019	124
34019	146
34019	53
2327	140
7666	313
115	816
11417	108
11417	170
33247	786
33247	929
33247	268
33247	762
33247	8
34194	922
32108	899
32108	988
2105	40
2105	584
2340	113
26049	286
11208	91
25964	123
21787	1
28982	96
21085	175
30405	168
30405	160
32978	647
32978	181
32978	239
25840	105
32978	179
31207	19
31207	20
12476	104
15150	228
15150	193
3482	280
20778	861
4145	527
16869	620
32059	20
6786	136
12705	934
10245	1010
7899	188
5098	69
2672	922
15220	69
4108	299
3168	293
29627	689
6207	507
5910	169
21197	857
21197	128
34194	35
34194	87
21758	57
2483	298
21730	122
18184	1010
32108	881
14509	639
741	823
20286	298
20286	154
4082	995
12791	154
12791	762
12791	101
25396	239
25396	756
23990	756
28407	223
28876	62
20645	984
9529	124
32020	767
25768	99
16869	55
4082	227
26460	54
26460	298
28566	680
28566	118
6550	253
12403	254
4894	203
4399	1010
24399	315
17620	956
36248	857
2306	218
3547	226
6105	704
24959	213
9529	222
30426	62
24268	184
9129	313
3217	10
27124	181
3871	192
24051	147
3377	760
1815	265
3220	4
3481	157
2674	219
5385	96
8646	168
10002	41
10002	220
16869	120
25808	254
28566	147
29369	527
29369	288
5056	124
4441	517
290	218
30797	105
357	857
8531	709
3975	54
3975	48
1388	638
10701	71
427	518
2817	957
2817	260
2817	974
2817	911
641	113
10970	140
938	78
14509	666
365	1010
23478	314
23478	151
1470	98
12791	930
36237	77
24399	161
24399	159
24399	175
10633	884
11417	25
26758	929
3705	850
23351	850
26460	760
26460	142
11841	249
21787	934
5971	918
2143	179
17354	184
2926	140
21085	230
4629	168
2230	203
21085	178
21085	253
320	761
19251	116
5171	918
5332	995
30024	258
9547	289
3802	995
26460	52
20949	37
20949	99
148	238
28876	100
4210	698
25949	211
5533	242
31879	907
30797	19
5282	922
26049	230
20932	15
20932	24
28135	140
11022	396
25886	15
20343	100
22147	120
567	735
36041	110
36041	168
3650	147
892	133
21085	760
5683	796
4205	987
6105	223
6105	4
7272	131
7272	227
5305	123
685	144
7272	181
685	189
8646	71
10959	85
25538	19
14460	103
2685	105
18412	169
17124	40
3118	947
26934	139
22147	314
22147	15
3547	239
3407	857
17548	124
8914	95
8914	60
30170	4
4518	146
25667	17
5129	313
3133	857
36091	878
13592	143
14672	396
2514	675
16453	172
5167	246
2817	782
14284	42
4288	12
2674	17
3217	147
15542	44
22807	300
18412	130
18412	85
25314	218
32108	48
20949	54
29724	100
13667	55
2611	123
17375	163
5648	140
2483	241
2483	25
2483	19
5512	265
5512	169
36689	282
4823	830
18337	765
25707	368
36752	858
26934	227
26934	175
10872	139
11776	608
11022	228
7679	131
5444	685
2871	52
699	12
1045	147
18337	170
18337	36
1551	199
26460	100
6869	59
5790	419
6949	143
3406	228
2921	984
22487	100
796	123
5190	85
4858	52
24399	178
841	123
9248	230
9246	984
1349	43
1770	670
2045	680
18489	926
5376	919
3547	168
31879	131
3703	178
2926	20
23181	241
1444	77
32108	136
2855	981
2855	100
36313	313
8244	223
12791	396
12791	314
2683	681
379	321
18916	87
26184	647
13162	181
13162	99
1433	1010
4930	876
269	33
21085	85
31879	271
4332	25
3547	314
4325	673
6499	918
7272	249
22280	119
32020	178
4924	59
23351	122
1689	360
352	234
32108	212
21997	626
11076	151
9945	833
116	237
16073	584
23478	230
26758	368
3058	212
10245	48
18575	170
26460	643
5	698
27834	170
2986	959
15220	286
20949	816
20949	26
4099	71
4293	15
7899	59
3933	871
806	230
21216	99
2817	77
1662	225
11022	10
11022	35
2562	123
3124	137
26049	95
26049	146
26049	876
1748	517
19251	69
28566	85
2314	120
2099	8
3594	643
8244	666
2078	147
23478	756
8860	608
6270	280
1620	162
1620	517
1620	527
4142	452
3279	728
1497	181
3279	938
1497	103
5344	757
20016	84
17548	227
4975	169
1594	99
11286	929
2143	345
3407	996
4216	797
15183	996
32059	219
8244	151
8244	34
20949	666
3362	254
10021	220
18412	96
31331	132
31331	884
31331	181
3719	846
2517	757
7545	866
7545	183
3288	4
20811	227
20811	193
19251	120
5726	61
25301	85
587	219
34956	116
1943	14
1975	219
1975	385
4832	194
4832	936
4152	59
26758	223
26758	25
17356	32
3847	147
35417	831
7679	35
2038	113
5071	105
32108	130
4251	66
5477	123
32108	620
32108	161
35664	620
4942	178
116	259
21085	63
21085	930
13441	63
2845	53
28566	95
28566	52
28566	60
28566	175
15718	140
4392	126
5548	796
21591	34
27529	415
5237	227
282	20
282	54
26597	830
2392	169
7679	934
34194	39
2721	211
31091	396
388	22
11076	99
367	928
2079	857
32108	199
28048	253
2164	321
35100	934
24399	140
22183	219
33231	175
5664	209
5656	857
4394	12
21085	507
3424	59
18810	995
12192	28
12192	128
21085	680
21212	204
2776	647
4147	928
5120	144
20752	227
310	816
27301	831
27301	894
27301	353
27301	729
3783	230
37007	143
37007	144
37007	151
14786	130
2241	666
2742	95
4561	48
7272	237
6437	147
18709	530
3247	151
3247	168
18709	396
18301	75
18301	260
28876	123
35417	41
26597	643
18107	129
3847	96
36094	962
36094	758
3168	169
5270	120
5389	105
5389	689
7447	239
33355	280
9902	66
26380	129
8143	104
8143	105
8143	995
1936	61
4823	120
3217	507
3124	147
32978	152
16582	242
26049	18
15624	230
6786	103
28458	220
5210	48
35762	299
20949	219
2862	73
22147	680
22147	647
27939	220
15220	161
19582	1006
32020	488
3481	118
20254	60
21085	120
35761	104
35761	620
3173	123
143	698
143	181
18016	643
167	91
5678	142
2302	203
3217	203
20949	19
32108	85
32108	19
3304	154
24879	28
13162	214
35637	299
35637	129
4853	934
5284	653
1507	146
1507	124
1507	282
1507	244
1507	805
25382	213
4304	147
18916	258
23868	130
22807	129
22807	121
1697	48
23990	802
32108	69
12508	69
9419	77
34493	139
16290	368
16290	612
36263	71
5236	754
5236	922
3719	14
26692	975
3256	15
2037	452
36434	362
18900	35
26692	69
26692	789
13690	26
4088	96
13690	887
4088	95
284	857
31064	123
21877	124
21877	460
3573	230
26460	620
18916	26
1980	120
32108	13
30402	14
3534	25
2029	850
26758	120
18337	120
22183	213
1054	126
7048	218
508	213
3044	53
15593	375
2612	123
33701	147
5838	934
6138	12
2762	816
1301	107
8400	152
20778	460
21085	689
13109	608
5524	14
28823	140
28823	268
7447	548
4523	981
2826	14
5898	643
3081	460
4790	934
13162	59
28566	160
4293	100
37068	60
37068	96
11947	225
24860	241
34493	757
2754	360
35417	142
35417	154
4657	754
4657	212
24268	54
682	178
4504	757
4504	756
4504	923
3639	886
114	96
1243	222
29874	787
29874	43
29874	184
5198	225
19251	266
147	241
18387	244
18387	53
8586	227
3769	90
22183	174
5017	225
6105	48
7995	95
1528	314
20016	281
20016	152
31763	203
4634	39
31202	61
5799	53
404	850
6786	203
6786	666
20778	144
36263	26
4755	321
13430	517
4934	230
30429	899
29311	70
12573	1010
27786	975
7679	146
6707	508
10245	760
3662	975
31371	118
36509	113
31879	830
26460	40
20343	219
20343	66
13991	69
34194	168
282	99
437	253
595	253
31204	189
14786	975
5459	328
6786	147
5459	213
3205	227
20778	899
1340	179
34194	20
5220	61
3124	189
30429	140
10184	105
33072	19
2462	248
1315	527
18916	59
144	59
3719	89
5048	20
1339	168
2251	66
4067	48
18016	699
31076	12
34906	52
13667	271
13667	95
728	850
2921	35
2921	739
13305	836
35934	179
35934	61
35934	223
8143	265
18250	396
18250	105
8113	517
2647	175
20778	52
20778	60
2647	95
34194	69
3407	175
2365	144
1753	131
3085	315
14479	184
25152	48
31834	18
2269	147
32059	584
3379	313
16869	300
2845	85
16570	178
26758	527
26758	96
4972	1010
1142	151
1142	124
1373	12
32059	120
753	97
21419	228
5678	126
266	87
1883	109
2488	66
36567	819
4522	850
22697	993
28876	984
28876	31
3145	178
1091	46
16869	857
5734	307
27779	230
16659	19
15220	129
5030	396
36502	923
2510	131
145	360
4039	157
22280	123
33561	643
4815	100
34926	85
15220	85
18390	507
18390	103
26049	26
2090	910
34847	230
3933	299
3840	986
3840	161
1013	223
1013	271
1013	876
1943	84
27858	14
26758	850
892	143
8646	219
31879	178
36498	13
36763	71
28566	91
4201	13
5753	883
1044	31
14696	66
7447	419
3536	147
30797	120
30797	242
8113	10
4598	169
159	956
5810	131
5810	96
3168	45
2399	846
2493	104
13305	781
1730	178
11658	87
3847	246
423	174
3847	938
4418	242
2852	253
4542	123
1976	225
22739	113
22739	760
25840	321
1407	146
17864	28
22723	10
14509	157
11365	452
194	170
11365	100
154	261
2010	219
2010	934
35986	666
2855	396
2143	150
2143	165
9193	219
23351	260
26758	203
12997	151
12997	14
4973	12
20645	360
15852	69
2922	698
8400	85
19627	18
20343	517
5104	34
4624	100
12395	248
1288	59
3259	12
15789	272
36041	63
7272	230
7272	787
4924	212
25886	530
17124	147
1689	666
30429	18
4461	283
4461	286
2399	16
10296	177
22697	57
119	155
3433	249
4804	43
16278	1010
22739	189
11076	184
11111	124
34493	140
19251	91
7272	10
1905	16
5229	53
4530	219
32059	14
5678	27
10909	1010
13521	32
18900	17
15150	33
32569	147
36263	14
28876	362
13441	321
464	10
14613	300
7253	253
2082	199
5002	146
36509	123
25560	379
25808	212
9529	59
22147	203
21787	300
21787	680
21787	120
36597	816
28787	123
36094	53
1472	26
4363	922
30496	14
5169	61
21216	508
21216	54
35417	52
35417	95
5686	138
699	144
7889	8
7889	268
14786	935
19251	144
19251	143
2143	147
15220	823
22147	313
18916	35
3267	41
1245	11
7975	286
32907	66
33808	253
7272	270
4941	91
2316	131
2924	975
167	59
22721	10
22721	126
29850	95
4590	47
23789	59
26758	26
2545	823
26758	965
20286	360
4805	527
32907	52
32907	96
26049	43
10715	647
2685	230
2685	151
2137	52
28341	666
21787	37
3865	78
2053	212
34194	34
36534	99
17124	48
4541	19
32516	100
32516	181
1767	90
18916	60
18916	230
23351	666
4804	666
3847	163
4804	73
30797	172
30797	157
30797	844
18810	223
5552	100
1972	253
2530	647
5802	175
2855	36
2855	131
31532	314
31532	861
8001	230
18834	517
18834	158
919	230
4342	61
2204	140
560	368
27751	153
29980	34
26035	213
26049	61
9759	109
34175	123
19251	85
14470	126
35664	13
10959	151
3618	25
1029	147
452	157
847	755
2109	65
9602	527
29747	14
24890	299
5326	54
2921	527
18916	151
929	120
929	119
5322	124
1050	3
4767	25
14013	892
1794	460
27124	219
12403	19
28566	884
1086	110
36094	225
2098	62
1800	103
10909	247
21978	530
34847	146
34847	136
34847	53
34847	124
5612	698
4995	13
2749	70
15760	120
36583	77
4244	19
804	25
32108	203
24674	396
16532	995
2493	25
34493	20
18387	104
13162	77
13162	63
13162	20
13162	18
13162	168
14509	300
14509	984
2984	253
834	572
2173	85
2121	36
799	289
16399	354
23042	85
26758	126
1396	144
9146	122
1996	23
24977	517
17124	923
24399	230
24399	168
24879	699
23351	230
3547	18
3547	680
9529	19
9529	87
5250	754
3377	25
3377	311
3377	161
27124	48
264	104
17124	55
17548	151
17548	143
7679	956
23351	153
23351	918
512	36
3453	95
727	541
645	360
2718	36
27351	755
2364	981
3597	850
3561	123
1593	253
2062	192
6053	237
2358	44
918	178
3811	181
32108	140
28566	110
26049	19
26049	156
2277	100
2102	756
21085	43
3840	984
33524	57
4265	288
4074	69
19582	300
23789	181
1146	918
31643	18
4618	178
19251	14
470	120
23917	884
841	178
1611	129
13787	699
26049	892
26049	103
2855	153
33795	96
33795	85
704	876
24190	943
23941	37
4402	104
2399	460
5277	179
26460	368
26460	59
10806	856
2143	326
25840	324
7447	1010
4574	857
25949	144
317	178
16290	15
1522	184
24217	124
24217	146
310	507
5876	131
9963	65
11111	930
1428	756
29348	77
5209	230
2462	241
21935	25
18916	857
7048	178
27786	184
27786	100
3558	88
3561	78
32907	375
6869	105
1730	419
14786	666
21740	37
1982	917
1982	554
3244	77
5346	14
4126	923
132	250
4254	154
4337	36
23789	223
27496	698
4935	923
3885	260
24574	884
14786	252
24268	265
24268	250
20280	66
9547	881
9547	167
1558	147
20645	52
18831	666
2659	152
23789	230
4181	178
640	956
560	752
30405	699
9529	65
13690	850
36597	876
36597	151
36597	875
6742	244
712	188
26049	460
21216	37
26049	90
21216	362
938	875
22807	144
13970	181
642	259
25222	32
2545	962
1493	154
7899	995
17124	99
17124	19
17124	1002
4559	268
29006	527
2921	1010
847	507
847	192
1388	15
8001	175
21787	225
4853	31
23351	59
31668	100
4926	100
16290	1
7899	184
3479	548
3479	223
2142	643
2037	223
27124	755
2528	268
370	996
4673	612
4779	157
34194	139
34194	19
3997	122
4575	65
789	120
1730	2
2780	52
1444	96
36597	244
36597	172
1990	643
29438	144
26444	175
5313	241
5313	152
6851	816
17548	11
35771	823
866	233
1596	213
574	17
18337	268
4597	975
4597	59
5633	178
2318	33
2318	168
32978	272
2826	154
25808	314
2876	189
10794	85
10794	130
4108	59
5620	32
34194	105
36531	817
36263	123
630	755
2191	972
31571	379
15467	59
18916	881
11269	16
5697	1
28876	228
34578	848
14773	119
952	139
3072	1006
29003	100
4960	212
2821	131
12124	91
26934	230
5758	178
8001	10
11208	52
11208	111
24268	26
24268	4
2327	117
18451	46
3652	507
14978	876
14978	234
31571	155
18184	28
3407	131
7272	975
2491	26
3295	126
384	114
12124	59
12124	219
12124	10
3139	774
3384	108
14786	154
23351	85
4967	368
4967	203
1803	247
3190	624
715	73
2423	910
470	325
102	14
2033	230
4219	1
35637	698
19251	419
27124	175
27124	62
27124	52
27124	60
5295	199
20016	62
938	66
2085	227
20778	313
35417	756
3547	362
10144	152
1550	121
4590	647
3205	16
1954	937
32108	113
23990	324
1314	774
12791	87
20949	876
1251	460
2443	55
24399	310
4278	179
4278	39
796	45
12124	230
3964	39
3922	313
4947	96
2697	120
2817	227
4551	108
8001	324
1298	242
9098	96
31002	326
6053	326
6053	147
9289	850
7025	643
14436	1
974	250
658	100
2216	202
20778	219
27124	124
14978	155
14978	143
6742	105
26934	541
34847	85
2181	1
10633	299
4167	755
32907	147
14509	846
14435	140
33783	10
3561	159
3561	227
4930	487
7048	268
128	209
128	98
128	936
34194	300
34194	375
32059	313
2306	756
25886	75
2306	755
2306	674
25119	850
25119	362
4132	17
16269	61
4817	192
4817	154
17124	17
32425	246
30405	324
5426	32
1730	754
4345	14
30429	199
15220	419
3513	168
7679	33
7679	202
22964	116
2331	184
1851	86
30220	32
8274	35
26988	131
2008	52
36731	18
36731	35
25538	39
10591	507
25538	234
25538	218
20572	755
3309	73
28873	18
28873	168
6949	396
27098	268
23351	32
6941	11
12791	831
11208	755
4952	85
20286	143
20286	203
35489	19
5252	962
10752	313
760	95
30797	199
317	199
35417	268
3664	172
18916	19
18916	260
21877	227
1564	153
19421	755
33897	103
30797	227
30797	313
8001	26
28876	268
13062	192
18916	121
27124	647
22147	43
1519	39
1519	118
5081	314
4227	6
22646	36
22646	131
20778	53
24574	143
24574	876
7679	154
18916	313
17124	6
10752	19
6583	129
6583	299
20949	90
18916	584
14613	32
24574	19
954	548
954	16
3109	120
3791	324
17124	268
17124	192
32907	1010
25886	362
14786	830
14786	40
8914	203
3027	282
32978	32
28502	850
4703	17
24399	123
4598	140
6742	154
36514	227
166	227
23478	31
31865	32
31763	237
7272	32
26692	548
26597	450
18709	32
560	192
4064	62
19251	4
19251	179
13993	934
11947	975
8646	146
8646	124
8646	234
21216	268
846	975
5484	151
20811	39
174	179
21085	268
17981	225
24399	419
12791	223
14638	918
3698	811
2978	126
26758	181
7679	313
480	268
480	647
878	805
878	47
878	962
4354	315
1315	90
632	228
18916	918
1619	174
11947	774
7206	14
5154	20
4807	43
32020	32
8001	202
4882	280
34194	192
29700	548
26083	59
26083	99
19251	203
26083	419
19251	237
26083	86
26083	33
26083	19
26083	168
14509	268
2550	218
11730	16
24399	124
24399	876
14786	973
17223	1
24399	321
14509	154
14509	548
2700	234
26597	396
196	39
23351	132
23351	875
22807	62
8143	268
3401	3
128	39
18337	230
18337	398
30797	286
7272	100
29415	175
10002	54
630	975
19251	169
33355	85
2514	527
3755	666
36094	1
22964	36
22964	84
22964	152
22964	131
27124	28
5642	10
10714	17
3534	328
3191	757
4587	168
24399	268
36263	85
8143	77
10245	225
29369	212
20778	160
19251	811
35971	199
36263	23
2545	117
3475	508
17223	781
3549	45
14786	16
15898	362
3080	548
3080	90
15467	178
2181	181
1013	179
2497	328
6105	161
6105	152
2826	59
18916	608
1656	527
21216	321
6742	984
16201	416
16201	70
6499	113
9547	168
8400	816
5617	548
2654	14
2654	160
22060	507
26460	16
26460	548
30429	227
749	69
36300	212
2085	548
16290	65
16290	100
10633	179
32978	833
1654	66
13062	32
26758	608
18250	223
403	850
353	160
33280	419
27836	119
12403	39
12403	227
641	75
1611	60
1611	52
2717	170
24352	26
3118	226
33944	139
2305	187
1921	876
712	850
4720	934
17281	123
5425	760
1876	984
1876	918
1876	884
22277	608
486	32
5875	315
25222	65
25222	238
25222	139
25222	86
3350	517
1841	816
3302	223
3302	128
15496	59
15496	34
5799	54
2921	40
550	247
827	947
927	113
2662	84
3769	360
5451	620
1098	19
2662	37
18379	143
18379	876
5001	877
2662	19
4332	116
3547	647
12068	114
2348	548
2348	850
2348	90
2348	17
4380	131
4180	181
487	28
530	643
2662	100
4412	419
4180	241
36000	95
2514	371
352	326
1691	139
142	227
3177	30
2662	0
5726	113
2458	239
4283	218
2458	39
1388	46
3247	90
4930	120
2458	859
1431	95
5280	136
1493	200
24302	975
4616	27
2496	378
22311	643
1469	77
4180	857
4082	178
660	65
2528	140
2662	43
5280	53
16141	643
264	159
1555	122
1689	139
904	131
3205	219
3452	756
264	928
480	681
5374	193
3908	28
928	167
264	765
5485	131
3452	162
332	975
3384	83
5374	877
5374	83
2097	301
1210	918
4801	159
5739	811
480	779
1483	61
405	811
5297	230
36763	794
5297	271
264	853
12629	892
959	100
2662	61
2339	294
2339	242
2021	620
4624	1010
1758	39
4254	16
4624	322
5012	16
25021	104
2339	73
1862	34
2845	314
847	46
4002	389
2458	26
3923	166
22147	48
22147	54
22147	762
2306	157
1727	11
12789	78
2125	227
22147	167
3992	203
1599	16
22326	268
5477	816
365	606
7975	41
33427	517
4379	273
2104	1006
929	850
3719	396
3412	863
5287	31
19181	169
3319	59
4451	10
1542	268
2781	19
745	2
470	0
2781	45
488	624
1015	77
9529	225
1578	19
3678	163
3407	14
3990	23
3658	754
131	300
31864	159
741	541
3961	96
4529	282
3407	871
18045	811
862	131
4569	157
741	244
15150	396
36719	396
741	884
15150	42
4185	962
562	193
1967	276
5394	142
5661	242
3137	99
3137	686
642	918
5661	6
35489	981
23778	254
2035	73
29003	608
3559	875
30429	95
3137	181
3559	151
30429	52
4180	223
3933	181
20417	86
3689	241
3559	144
36968	100
4958	17
20417	36
16514	84
4180	178
11594	184
2306	16
3847	19
4648	123
3847	368
504	85
3213	10
504	86
3847	643
423	369
962	313
4003	54
5593	242
5593	345
17853	14
14714	272
30264	734
660	48
699	460
660	132
4168	227
4168	60
8909	962
3451	647
5197	880
932	3
470	460
470	241
18498	254
5387	132
126	84
5387	96
2647	432
4822	239
519	37
177	572
1770	99
519	161
4546	416
1036	268
1485	200
4350	460
1485	230
4321	168
2033	179
2063	144
900	100
29350	638
2782	39
2514	121
29910	54
9800	880
9800	856
2826	60
3162	253
28991	62
4321	25
4466	934
340	877
636	153
685	225
4530	116
2338	90
1054	918
19251	16
5726	643
1200	151
21375	876
21375	151
21375	144
1485	13
548	86
3424	282
2033	113
5669	811
22180	268
2496	62
35042	816
2496	81
2496	78
2496	147
1388	85
18916	875
33274	131
2016	103
761	998
3157	254
3860	756
4405	120
5171	143
4823	226
3041	175
4767	16
10959	379
1104	1002
2222	120
3058	248
384	110
2950	16
2984	230
119	90
685	280
3810	111
30339	32
1647	16
3452	147
2780	69
929	16
10828	163
3280	26
3280	19
7899	242
4379	790
4379	161
1907	254
5241	212
2305	46
2405	147
5644	175
2691	16
644	986
3205	99
644	732
644	4
30797	90
4406	120
971	260
5644	96
1611	138
971	37
35183	529
1368	918
746	548
805	169
15109	284
156	6
1235	226
4938	41
1797	643
560	103
5583	255
35023	254
35023	162
20343	237
20343	129
4590	151
20343	239
15220	268
3125	168
3517	818
488	572
4176	918
2016	884
2016	460
15102	288
552	899
25808	811
5424	620
2716	32
36041	32
6949	160
4169	844
8914	647
287	857
873	69
1961	83
21758	193
1269	460
18709	124
2855	10
317	203
2334	34
2334	20
5726	140
35210	12
35210	104
3238	69
604	10
5682	121
5767	146
20949	223
3322	39
5767	218
34400	242
863	368
2345	271
2345	272
2345	39
3548	816
2143	100
4857	25
657	95
15220	227
1070	698
657	105
1235	291
605	59
5293	19
20343	46
437	179
27368	4
437	816
31795	875
1199	154
5578	123
4274	241
4889	77
7899	223
3885	310
1388	313
1345	612
1758	26
1546	857
1971	227
17616	59
573	120
4852	61
4852	17
4924	57
27747	106
27747	328
27747	701
27747	243
313	242
8113	144
5316	219
7679	884
17711	19
20881	211
5356	517
4924	300
35278	169
4767	245
2559	83
1794	192
3847	85
3847	86
3847	28
2679	46
14509	151
14509	144
27460	257
3614	16
2696	784
2696	63
2696	19
104	160
861	816
2696	90
1399	362
2696	45
27960	120
5122	10
3994	85
3994	139
1031	756
1192	161
3803	61
5270	159
5626	507
5270	725
1192	527
5626	845
3301	260
36867	4
6949	268
6949	179
19971	14
16354	120
8143	85
5270	828
14786	105
18109	517
4088	120
3810	61
25628	14
17375	219
5271	144
2210	241
35040	69
3883	368
3883	353
11208	147
2849	117
11208	63
4573	26
1470	142
5286	200
22147	25
5381	884
5162	949
4365	62
3126	756
5596	378
31464	396
4205	300
36485	396
4205	139
470	32
3125	811
2936	930
4667	811
3168	370
5749	55
5749	167
32108	175
32108	1006
32108	95
32108	280
29203	213
5231	25
13964	227
886	975
1263	253
2306	1006
2324	168
3023	852
5719	83
17616	17
5620	46
22870	268
1192	228
5085	90
5085	18
11208	507
4807	66
32605	142
632	507
36069	666
2776	140
2181	774
4970	34
2181	598
2181	550
17548	154
17548	647
33553	77
320	727
226	548
2534	186
3569	120
3569	10
585	16
11091	132
11091	189
11091	90
979	103
36918	16
2570	178
24954	527
482	175
11872	396
2143	19
3051	223
4178	321
11390	548
1003	0
3562	100
2838	230
2817	953
19971	10
31002	26
24399	203
24399	918
5193	0
18337	16
9529	223
13162	17
5321	784
2697	16
3168	517
3168	25
3168	100
1689	857
1627	84
5324	62
2192	836
5324	6
4710	61
2192	374
24574	32
4974	140
2354	160
224	98
224	71
1062	143
1062	95
3847	756
1541	161
17721	774
641	59
544	816
1462	17
1462	131
1462	84
1462	152
541	17
316	126
33516	13
33516	126
2931	142
7206	947
465	131
630	16
630	17
7830	242
5342	273
1185	313
709	1010
4111	131
4769	48
4769	184
4769	26
5471	170
5374	18
1742	100
26380	34
2826	160
17616	37
1882	396
797	818
797	19
2075	25
1374	60
1374	956
22183	19
22183	90
22183	162
22183	36
1377	477
2215	282
30682	83
1856	96
27277	85
27277	227
27277	146
27277	53
3072	184
365	175
4889	765
4889	879
3217	144
2715	181
3231	188
2721	100
9529	227
11635	876
2204	242
30083	6
1313	105
9529	850
1728	131
365	54
5127	884
5127	48
4590	220
3071	155
4205	460
5127	223
5127	881
14497	572
4348	62
29863	28
3780	930
22723	123
1699	242
4590	234
1699	106
3780	362
4590	53
4590	124
30083	944
287	214
1758	41
30083	41
30083	117
384	313
30083	253
30083	123
26049	527
28876	17
8143	160
4929	61
4789	756
36126	71
129	268
36126	956
4929	228
9657	910
16954	85
2103	238
14786	965
14786	823
16954	16
32108	109
18337	87
24199	850
382	86
1186	521
2060	19
5607	148
2572	83
2458	32
2852	96
1086	46
35284	647
3217	272
35284	314
284	608
3217	14
29910	884
14470	6
26692	90
1233	66
36091	608
26049	967
3400	755
4636	124
3847	527
4636	53
4636	850
2858	131
3247	507
1074	83
2223	66
33578	120
33578	995
33578	77
5823	55
1523	168
1523	63
2988	181
215	40
20778	32
5129	16
1815	223
18269	1010
