21997	75
3096	69
2020	228
387	666
2480	154
8374	134
3217	160
2483	832
3957	824
4459	161
1730	368
711	276
945	807
945	975
14509	647
3165	219
712	69
3944	59
3944	172
10779	706
5457	507
17077	48
17077	109
2749	62
5339	816
9616	832
960	131
1767	31
18916	647
18916	254
3427	160
5	219
3217	242
3142	6
2679	100
111	61
8244	16
2817	219
23478	168
23478	280
1688	877
4957	178
35053	87
2384	328
2384	131
5185	666
5185	75
16431	272
2749	254
31331	40
1493	219
3168	362
2826	32
4252	16
4702	77
5898	816
24188	884
5274	152
7272	419
5552	300
5274	219
5758	642
5758	42
5758	4
5758	6
5758	481
5758	389
4217	624
204	62
2537	181
1249	882
16869	426
919	934
2707	181
5740	19
7123	816
264	151
33865	861
24199	219
109	11
2218	239
17124	10
109	146
109	124
614	53
2527	95
5740	63
3346	32
17336	61
1794	288
1050	178
28278	315
10591	46
4203	299
10591	26
5572	213
1050	521
9419	16
15397	184
384	41
2497	20
340	172
20286	159
4644	131
20286	314
1844	620
1844	19
2696	923
1844	120
1844	84
1844	112
2891	247
1209	255
12671	362
2891	45
20286	54
20286	48
3562	530
5211	923
296	17
1657	31
3871	884
2493	918
32108	507
237	69
7679	362
1042	811
35138	368
35138	28
2514	244
22739	223
3247	253
19868	507
19868	6
3247	48
1395	220
1840	85
31865	816
4472	84
1927	276
4472	34
595	32
1433	378
3547	52
2826	956
3168	53
3168	151
807	69
4293	811
494	90
21216	168
21216	96
494	16
5758	580
630	245
527	527
630	25
5758	276
2439	996
10236	99
12957	168
22383	362
5758	226
5758	322
4256	241
5758	106
4810	46
5090	1006
5090	227
5090	816
2514	265
5758	87
5677	299
5758	104
5758	99
2161	178
5758	48
5758	85
6851	811
5795	108
2921	152
2684	99
3577	6
332	131
332	31
3577	106
332	381
5180	280
3322	55
3322	59
3322	184
3871	48
15053	918
3322	192
3322	100
1950	130
3322	25
19602	120
1613	20
1613	43
11076	59
3407	19
1613	884
3407	99
4140	647
4615	131
1613	238
2817	142
2776	2
1045	918
3840	126
686	979
5758	34
4168	171
5758	162
5758	141
36094	230
36094	59
3322	760
630	159
35038	153
28876	918
507	816
1804	100
5758	61
2348	1004
4216	818
4815	142
2348	512
33233	184
5854	253
2308	143
2307	39
2307	647
5252	47
2424	175
8397	219
8397	25
2683	666
556	355
873	508
556	796
418	227
24268	254
24268	850
5476	39
1794	241
1794	90
418	69
4270	258
861	128
30797	54
9963	238
317	19
5129	35
5129	419
2422	16
11947	113
2689	541
2384	65
2384	250
8143	46
26049	0
4257	100
5512	934
392	61
152	189
4823	131
4823	83
4823	84
8985	122
8985	120
8985	22
4598	31
1943	59
4590	59
3592	116
13340	803
3217	321
30105	879
30105	48
30105	18
30105	884
3149	850
30105	247
30105	20
30105	63
3259	313
1016	11
3259	981
4283	225
29598	254
871	1010
14509	234
3719	90
14479	43
32020	219
30797	223
3554	849
2498	647
17223	16
7048	59
7272	85
7272	139
15801	227
2568	123
3477	289
3477	873
9765	850
2562	23
11269	876
11269	151
2330	321
29758	608
2530	154
22616	146
7048	15
23990	79
23990	55
26049	324
15220	239
3803	300
30429	6
30429	17
30429	106
30429	223
13594	168
14978	60
14978	175
29369	108
19600	227
3621	69
10779	26
11299	90
30635	181
2333	143
1316	120
3565	181
3565	62
10633	120
5008	61
5472	530
2719	219
5472	174
27786	230
8646	19
4479	848
4479	313
31643	757
3205	146
2356	62
1951	818
675	253
27858	973
27858	90
5520	23
4790	1010
5520	276
30247	131
30247	179
18916	90
974	258
26035	157
4299	254
26934	219
14786	219
7679	136
7679	63
17124	984
25222	527
24399	899
1036	624
3443	53
23789	23
3380	16
18916	328
18916	223
27124	151
5318	6
3939	69
7679	923
4428	159
3871	113
25808	26
18916	219
19582	96
4561	117
15220	608
15220	460
2104	253
2104	177
4440	16
1317	811
18916	126
33124	46
172	123
4879	62
15747	16
15747	26
27301	153
5695	37
17124	313
17124	818
33524	875
33524	203
33524	155
369	90
369	276
4844	178
17375	16
3064	225
14509	16
32108	119
33795	62
32108	90
20778	84
11270	159
27786	378
27786	328
21997	25
32108	850
7545	857
9547	19
9547	126
7203	17
7203	219
667	853
4561	178
35350	984
26744	647
2562	811
33854	321
15754	122
31879	146
9134	16
550	16
2833	16
23181	699
18916	818
28566	237
31002	242
4930	790
7272	16
7272	17
30169	225
16029	857
4089	328
16354	230
31002	237
10976	46
35704	181
27730	123
5622	214
21216	199
21216	16
21216	891
4930	756
2528	139
2528	62
29369	84
4133	147
4133	213
28876	608
28876	521
5043	23
17634	48
21085	39
5265	162
20343	608
2070	90
2780	211
2173	16
3084	48
18916	15
3303	12
16327	175
2173	273
109	818
2345	849
4022	146
4022	151
5457	243
1943	378
26622	134
4908	818
2702	541
3152	280
29986	134
29986	21
5376	181
1967	84
2826	84
3073	103
2696	73
5192	16
5192	811
2418	272
6465	181
5525	23
1396	419
7679	20
4182	572
3072	238
1968	69
35870	23
35870	163
10731	223
10731	122
5292	680
10731	214
22863	175
21085	90
4474	116
4094	39
8646	7
3168	54
13485	818
4637	313
3247	210
5541	52
5599	973
15795	666
1363	65
16269	419
2379	146
29034	244
5786	178
33035	84
3804	168
24268	16
437	16
32059	95
10731	850
1292	157
23191	223
2080	794
22798	59
313	396
313	460
5395	818
23120	155
1355	120
595	216
31686	698
4686	19
27425	755
157	170
142	647
5090	179
2934	818
21787	113
1789	818
699	265
29946	144
34443	39
1667	757
2817	134
3091	530
1685	326
1375	199
2514	620
269	129
3268	39
269	259
269	371
26380	19
5090	811
2126	12
264	31
2855	244
2609	23
5485	153
5785	47
3933	120
2313	73
1897	850
5839	66
26808	37
5902	876
5774	123
2173	947
15661	100
2392	23
4283	147
741	90
5274	113
16265	27
1111	12
10731	169
22424	23
22424	131
4720	608
5647	17
290	62
5758	65
12452	328
30100	396
718	280
5097	310
5097	288
3543	818
31422	818
2550	818
481	918
12839	16
3587	928
1943	241
2306	143
5526	223
4222	755
2392	818
20107	184
834	254
568	184
2654	62
560	930
5045	898
4177	120
10021	19
2091	71
2622	805
17431	41
138	17
10031	39
10031	975
1444	195
2306	876
2306	875
2306	155
748	379
22299	175
14786	52
14786	55
14786	174
14786	79
2308	884
2490	698
2718	204
1934	199
124	23
28876	956
9963	250
2078	811
312	106
4125	816
26758	242
26758	174
5809	4
1750	160
1750	241
2978	39
1804	113
2243	460
2243	42
1016	918
2943	918
3440	372
3440	289
4837	75
20107	238
4837	786
4837	517
32108	178
3982	83
4642	53
4660	521
4660	23
15526	160
5303	234
5482	32
1433	272
2604	898
3398	4
32460	169
3407	680
3407	918
5257	151
5257	146
481	273
1236	624
1595	223
5827	939
4849	796
4789	123
3861	956
5398	460
2496	939
3982	877
3982	26
12713	65
30896	223
2528	16
188	54
743	947
16269	269
10633	223
22697	189
3489	138
3489	131
3510	666
1475	255
4842	254
4231	818
4924	17
3476	643
2104	123
3833	23
1502	73
1689	975
4038	896
4038	346
1769	818
4460	289
781	181
699	898
290	245
1388	61
4767	541
5188	884
2236	179
652	14
3547	216
3401	247
531	6
29378	850
1454	647
3933	214
7964	996
3259	116
560	879
560	850
3616	276
4303	379
2647	876
2647	151
2647	155
2647	875
5495	39
102	90
4689	861
3259	159
4332	4
1860	790
470	20
10853	20
9230	811
13746	163
16467	61
33047	59
30107	790
1433	811
29313	956
24668	222
1493	15
4861	956
2780	818
8646	643
743	811
3562	773
135	853
1120	122
2903	861
2903	226
531	608
5602	23
2076	250
16684	210
4889	811
2884	225
16354	88
16354	163
2303	46
1327	255
4723	61
4723	189
12893	63
5520	322
2305	19
1018	26
4731	947
917	320
2359	32
3443	372
829	572
21461	884
881	328
129	811
1433	66
1300	620
36792	42
4156	19
1596	1010
630	113
2641	276
2521	214
21549	17
1892	975
2699	786
632	807
1754	816
2367	199
2480	620
2480	666
6046	175
2253	146
982	181
3222	620
3129	153
3129	250
1949	934
5520	96
971	572
3436	956
2598	804
2173	214
378	768
11790	214
3124	255
1400	62
1400	255
1400	998
28957	975
460	55
4387	255
4115	698
146	128
1433	624
12997	238
708	184
12997	153
12997	796
2827	373
866	16
1092	4
21419	21
2978	857
987	698
3247	811
982	228
241	126
4439	28
4439	168
4439	60
4424	116
389	326
1415	898
320	66
2515	300
2073	66
264	71
4596	46
2208	811
113	280
21531	517
3156	113
4903	315
5170	146
4327	250
5807	23
527	811
6926	148
2649	396
1286	39
4299	315
3991	541
3991	37
23215	75
3619	300
1962	85
1962	139
4485	153
4874	138
3956	87
971	848
3205	157
1022	647
982	205
2104	146
595	77
18387	100
14645	848
15220	378
5360	12
3005	162
27283	2
2709	213
29929	898
2926	984
1981	167
3407	188
1776	250
5527	918
5527	1010
3384	186
24302	480
2089	210
2876	757
2876	117
2273	328
1697	898
12780	175
30991	200
4930	69
2624	181
22870	99
2855	96
18055	255
4262	103
3033	12
22579	811
15870	189
29568	100
34736	179
3940	811
3937	39
2869	181
1730	66
4865	934
2526	151
4335	996
14913	527
14913	95
3449	768
28876	2
24885	144
2545	961
2170	274
3847	521
5375	396
37031	976
37031	956
3922	16
3922	132
3933	310
2481	254
27743	142
27743	934
929	301
4293	205
4659	37
3384	315
9381	230
24399	171
23478	245
8244	26
7679	756
18269	16
31668	530
26444	818
13062	73
23351	96
23478	16
7679	39
32020	328
7679	786
11111	786
12573	85
11111	853
26049	984
7545	918
7679	91
36534	146
7206	315
27786	59
7447	53
18916	143
10828	213
18916	181
18655	143
18655	151
18655	876
21085	328
27124	192
26035	53
22183	86
11208	934
18916	175
24399	155
19971	884
20949	273
19971	59
32108	151
32108	144
24399	98
32108	793
32108	35
32108	876
31763	62
8646	62
29369	48
29369	879
32020	313
21216	517
34194	98
10245	572
10909	17
7679	917
16176	75
2184	65
25808	857
20447	62
36534	17
18834	170
1897	151
21085	62
18016	168
21085	152
21473	15
8646	273
28566	126
25840	271
36263	230
4586	310
32059	241
32059	128
18916	16
26597	83
26597	16
27124	790
27124	227
7272	273
14786	250
23990	62
14509	26
23990	107
20343	95
16290	16
16290	62
7272	120
352	16
21216	939
6742	315
6742	108
13667	54
18916	95
7272	816
8646	372
8646	39
22739	62
36597	131
1689	17
28502	172
25808	120
28502	816
28502	26
28502	507
28502	223
28566	818
35100	26
22280	160
35100	48
28566	41
19251	19
22290	811
7272	90
29369	612
31851	755
31851	155
31851	144
34019	181
21216	811
13548	184
15198	230
26049	62
368	918
458	31
18337	107
36263	16
21085	36
35417	20
35417	241
19602	13
6742	241
8244	818
2296	794
31091	328
31091	26
22280	62
7272	321
18916	75
18184	255
32108	816
23789	62
16869	321
7826	159
7826	62
20286	244
27124	90
9329	62
35135	129
35135	181
21787	918
21085	168
602	326
28502	144
35100	46
26049	288
21787	59
11022	48
11022	146
16290	228
34194	43
21877	143
13405	857
24046	996
24046	84
24046	786
2547	17
23478	117
23478	164
16373	572
7679	16
7679	189
7679	508
7679	104
1943	918
20493	643
22183	917
34493	203
31879	62
31879	103
6499	17
28566	268
13405	321
2207	757
25808	213
23478	373
32907	811
2493	16
2493	245
18709	668
34194	90
3548	244
18916	816
5270	62
1475	811
3510	61
18761	25
1017	147
4651	243
2026	59
2799	162
1050	243
1050	879
12124	508
31626	242
17839	131
5881	811
18337	840
4241	16
3789	254
36705	23
1701	148
13800	848
4304	132
1245	17
1565	178
4332	763
27301	811
5685	0
232	97
30797	46
2535	13
26460	225
2458	227
15220	159
23478	917
3563	211
4558	46
2169	88
6786	123
7272	315
6499	178
28566	16
12363	321
30797	48
30429	108
10633	151
8646	244
30429	147
8646	241
20834	254
25840	620
21085	91
13544	250
11022	139
6786	83
7048	898
26460	310
7048	850
35093	315
32108	163
28566	199
26460	18
10245	800
4837	898
10245	763
7272	238
34931	23
17124	172
26597	273
13162	40
31002	884
19251	17
34194	804
26597	848
26758	169
19251	122
13162	2
20778	61
20286	373
20778	136
20778	59
8909	20
13162	46
8909	159
28502	956
30797	850
10909	288
28876	147
8909	823
32108	17
26401	818
20343	861
4655	59
12169	816
30405	917
30405	15
26758	18
7272	205
18646	923
26758	113
1689	241
14509	61
27124	1006
36468	996
36468	270
18916	37
21758	811
32108	879
4283	956
27893	877
18498	192
1519	396
11022	210
20949	46
20949	106
25886	947
7206	321
26460	857
20447	192
13667	84
13667	823
18916	142
13594	62
21877	52
21216	288
34194	161
9134	23
10086	39
10086	106
21935	85
10752	23
10752	6
21935	984
27124	113
2480	314
23478	243
5230	396
14786	898
7206	766
7206	849
32059	698
27124	179
4838	179
18916	624
32108	110
23789	73
20949	39
20949	48
3933	811
17548	98
26049	7
21473	31
34162	2
28982	71
27124	95
23917	877
6105	128
23917	35
28876	99
16290	811
7048	205
7048	175
7048	144
7048	155
7048	151
20286	850
20286	939
8051	253
13062	282
32108	159
18337	247
8209	811
4548	680
6851	88
6851	189
384	517
19421	170
21197	116
11208	26
7206	23
7206	877
5326	918
31371	131
21473	882
7272	116
7272	42
7272	161
3940	18
2191	807
437	811
32108	53
2480	126
18916	32
18916	62
3719	52
19992	7
23478	123
11208	273
3199	811
10752	857
34194	45
34194	315
18916	956
26758	811
36914	48
29789	21
3181	848
1697	264
33260	66
31331	62
8400	876
8400	984
8400	144
22798	146
3247	311
8001	850
3407	120
7679	310
7679	228
34956	17
15135	41
1245	796
11208	105
25382	811
11822	144
9529	255
7679	918
22183	160
32978	811
2917	379
851	73
8646	113
4114	152
32108	853
14786	846
1876	849
27124	273
8400	10
8646	65
8400	680
10165	65
1674	898
3978	69
24941	849
24941	310
24941	200
24941	169
16532	172
24941	62
4577	39
34834	274
34834	10
23069	37
23069	280
33124	253
36263	78
110	527
7272	507
18916	47
25964	245
4222	876
7679	250
11730	160
18575	75
384	811
5968	162
5968	39
4856	19
778	396
8646	811
14786	811
36907	934
28520	73
8001	517
35704	956
21787	757
21787	756
36041	23
5407	258
12791	167
3067	62
32108	39
36094	918
23990	811
23990	151
22807	184
32108	174
3950	168
23478	89
23478	882
23478	861
23478	881
796	97
8118	760
8118	517
18733	698
26401	188
2500	167
2500	195
2500	110
21997	816
30050	289
560	37
560	6
7272	41
19251	800
29709	255
6786	318
2708	95
29323	811
30797	124
30797	282
716	763
17223	62
187	239
187	861
24574	195
4724	2
2458	134
16958	807
3627	245
18451	100
20778	508
538	310
23215	804
8646	373
8646	105
27124	269
27124	318
27124	23
27124	362
1130	62
30429	230
13162	100
14786	23
14786	169
14509	59
18646	186
7272	265
24217	155
24217	151
25808	276
11947	210
25808	46
25808	17
3247	179
520	66
4090	541
734	326
4779	155
34493	162
1856	244
3104	161
5289	917
3808	857
24976	266
5045	201
5017	84
5017	315
2496	928
1903	273
2978	315
2654	917
1903	779
1903	37
1903	274
5826	128
5826	273
5826	205
1903	820
5536	62
13548	530
5536	647
1735	87
28566	947
1432	882
2173	170
28566	73
1432	276
2173	917
3664	46
5480	124
13008	179
13008	52
1903	784
7185	128
8130	62
8130	17
1274	274
273	77
3922	146
1903	108
30062	39
1903	239
1903	427
333	19
16684	321
3607	572
1340	241
1493	17
4939	61
1432	818
4071	313
4930	103
1625	119
4930	918
895	129
5679	69
5315	379
15467	37
3885	167
3885	608
1920	255
895	793
5315	151
19752	17
740	811
5846	214
4299	100
1920	34
1920	918
5772	521
4828	373
3217	41
1704	83
2392	315
2493	129
4415	83
5772	172
987	766
527	164
4088	84
3302	84
3167	243
167	119
2654	39
1626	213
3308	269
5862	214
3083	128
3167	95
4913	151
1045	956
4648	243
4553	62
3431	1006
3083	61
2562	616
4195	917
2143	36
560	83
10827	131
4553	313
3167	96
1725	811
560	282
1846	25
28540	548
4598	255
5184	21
4670	620
9797	559
2917	939
4651	255
102	899
4119	818
4119	396
102	65
5177	134
3354	530
102	15
33854	818
2530	460
817	153
3247	40
0	840
4850	124
817	796
2721	811
1750	65
5650	755
26049	796
4806	527
119	818
5360	61
2346	794
4889	273
2480	65
5128	162
3407	89
5128	372
2582	168
1457	39
5129	178
3407	898
287	823
2750	65
1185	128
23013	153
12891	273
12891	103
3058	113
1831	129
1705	446
717	288
717	849
3345	48
3300	143
10116	90
4960	39
2418	786
2507	62
3345	73
30877	255
3301	65
2750	109
5769	818
1857	303
2316	6
2311	4
3547	66
2480	243
4994	773
5578	647
8001	179
6270	37
52	507
775	794
8001	40
8859	790
775	184
4563	178
5012	315
4213	7
5012	818
4213	373
5012	75
33783	60
1820	507
4213	48
26035	527
2640	857
18900	857
1807	69
632	754
0	28
313	328
632	41
313	289
2312	114
671	882
34194	882
2173	850
34194	848
654	253
3000	254
35038	811
3699	41
15763	217
2183	917
10472	786
2858	84
5901	828
7872	225
3652	793
16355	181
5297	129
4655	104
4655	162
15220	20
1648	239
4079	4
24554	961
2339	113
5875	75
5129	794
4655	291
4590	146
2386	17
1758	247
3482	52
3482	168
13505	21
3802	95
2306	151
4710	48
4243	239
2033	793
5297	986
1890	39
2084	230
3247	71
1945	878
4536	373
18048	698
4734	362
4651	35
4651	75
3719	102
4651	272
3719	29
4651	104
2142	123
13865	612
1123	816
1086	290
2384	19
2480	239
440	20
5057	45
4396	199
352	216
5523	288
18109	850
18109	241
5502	46
3886	18
9912	16
597	131
4827	178
3708	85
4930	83
3708	100
3708	131
25668	62
2855	225
1125	4
214	179
5633	172
878	811
8106	41
24982	879
24982	159
5377	20
630	230
5377	272
1159	517
4930	318
1730	245
3861	154
3118	811
13970	62
28863	984
36698	123
4678	210
2528	59
4782	255
36684	8
15968	282
15968	141
2874	65
15968	241
21591	956
2217	289
581	23
470	7
2838	91
8646	223
3058	273
365	38
819	840
1735	98
3047	213
296	318
2207	62
873	144
5374	179
4528	161
2855	18
2855	63
16684	140
2926	268
14978	91
2514	321
10472	14
9251	28
4299	47
11070	73
2305	23
2677	213
1844	274
1603	996
2116	923
3407	198
704	29
3760	66
21461	930
3576	847
1836	811
21758	848
3266	620
2293	786
23478	124
2293	790
140	884
21737	84
21737	25
10509	975
3788	241
4870	120
4870	899
2649	43
2125	766
1316	34
10220	313
5384	25
14231	120
31532	117
365	71
15630	103
3247	131
3247	75
3247	128
3090	18
3247	315
2700	241
35704	794
35704	62
35704	179
9611	230
3247	848
2155	106
2633	120
5671	816
32108	848
15590	898
225	313
583	223
225	371
5270	328
2374	37
2482	168
793	619
4087	79
793	426
2374	877
4278	647
2374	175
2174	17
2374	85
3322	508
4930	853
3784	154
3322	48
29416	38
30328	113
828	811
5313	917
28442	85
352	818
21216	41
5359	241
5359	272
18916	36
18916	131
1652	71
5477	62
28103	123
10959	19
463	48
28876	272
929	188
2688	75
612	71
8568	54
22964	122
22964	794
26692	796
26692	846
26692	46
11947	378
1391	255
11947	99
8400	804
11947	984
4377	62
2601	877
11947	877
4930	322
4930	328
4930	314
4930	425
4930	792
118	875
4930	796
118	848
1654	41
3736	19
1735	328
32873	17
4784	69
4784	211
4718	62
1906	42
466	811
7272	19
4928	89
1605	961
2514	315
14786	620
13028	200
31879	52
4474	62
12573	4
25222	239
15220	620
4534	120
36298	318
782	541
26049	20
2679	192
34194	228
3671	768
3671	877
4446	122
696	255
13162	243
32059	139
3357	65
2820	892
1967	62
4092	818
2996	62
1978	19
31043	134
1014	680
3847	175
3847	95
3847	258
3821	123
1730	254
2516	97
5132	13
31560	289
5483	811
4108	254
4823	861
36864	96
2305	171
780	77
28760	153
4479	934
4479	620
24842	140
7206	975
3620	16
30877	816
3547	69
5095	608
2257	184
5377	23
3552	848
4714	934
4930	848
2975	934
5093	31
10245	853
7272	241
16382	517
4166	8
2146	26
27124	213
4844	255
2939	273
2939	25
5350	19
2168	918
26934	898
26934	273
26934	89
32059	624
3920	811
1590	853
190	69
2329	18
4083	163
4187	850
4205	530
2841	321
31778	7
31778	11
31778	161
30429	63
31778	65
31778	41
31778	99
699	131
699	241
699	768
12664	255
367	39
3982	31
3982	19
3982	84
3982	36
4250	102
2514	147
2365	40
34162	120
7048	832
15457	313
15220	373
35100	116
1477	848
4655	818
2955	172
4171	857
18709	214
646	162
646	47
646	168
2829	811
1086	61
1051	17
3592	178
3564	849
2675	273
1322	170
1322	937
1322	31
3958	69
20110	69
20110	811
9529	250
5381	175
26460	934
5355	853
4403	612
5489	816
4479	956
14297	31
18916	97
3033	159
15603	270
30272	796
2271	214
560	647
560	47
2926	326
2724	898
16596	857
635	153
606	884
5807	793
23838	103
10338	151
24245	7
9529	174
9529	311
2202	807
2135	131
2826	13
2097	875
2097	175
5263	269
7679	205
16474	253
21731	65
517	36
5014	213
2480	138
1660	372
1660	6
2984	766
20343	328
6851	102
4222	29
4379	21
18337	698
939	123
23181	167
3475	37
102	160
3205	790
32059	318
32059	59
3301	105
3301	26
4930	272
4930	39
3080	169
685	786
24268	766
23351	956
5510	879
18916	368
2665	848
21935	241
22862	205
2579	41
34834	11
1122	7
14613	29
4304	230
5547	167
4623	934
6869	6
4358	811
23990	276
1588	934
36094	917
1613	811
5605	179
16575	12
34737	269
34019	214
34019	33
6836	151
28566	226
3840	20
31199	315
7272	848
1701	102
3842	151
9753	20
29478	892
4419	163
23351	134
18219	39
3832	818
32108	16
17919	146
925	41
5472	848
5678	241
1665	153
2292	4
2201	379
11076	97
1479	29
4924	620
23351	79
1006	807
18916	302
1079	102
21085	23
2033	811
33072	159
33072	48
16290	168
3926	117
3926	143
36855	898
36855	132
26460	315
18709	140
5776	811
36965	288
5776	315
2978	65
28876	205
28876	314
28876	849
1794	12
7048	25
8914	917
17548	816
25808	861
5567	41
26758	52
26758	245
30797	226
17626	16
18066	95
27124	315
21935	60
21935	52
34194	95
23478	832
3322	238
20633	62
3124	530
8325	91
5584	2
19602	151
3875	811
21787	90
5905	956
8244	917
1789	253
4505	172
5374	19
783	167
4561	123
352	811
1217	882
4507	141
26460	313
31879	19
31879	241
31879	77
31879	18
1098	213
20843	811
15220	811
21787	41
7447	101
26460	811
7679	62
19251	11
16176	195
32020	228
27124	65
11319	521
15220	956
188	790
188	326
15220	138
30797	811
15220	228
15220	102
2737	170
25750	75
26460	28
10976	647
10976	102
10976	195
10976	269
19251	849
19251	105
26758	102
32108	882
26035	228
26035	105
20778	811
26049	186
35417	175
26758	956
21877	151
12124	147
20752	41
2631	918
24399	105
7447	984
3443	188
165	155
5274	310
18916	41
12403	28
10518	699
18834	877
2926	620
9611	52
9611	95
20752	378
352	301
7206	120
5708	123
2514	61
3144	807
21085	252
25707	195
22183	142
7545	153
2338	117
18916	189
1080	975
5888	255
1697	161
18412	192
7272	75
630	315
3828	996
36752	373
2814	13
520	21
28876	103
10959	62
23351	794
140	790
24399	228
2358	16
24858	379
8143	62
13441	214
32108	4
25808	849
17375	850
25538	811
5583	790
24268	90
4005	106
4005	102
3469	85
14613	879
14613	54
14613	832
14613	243
26758	624
4493	269
17529	846
3407	12
8646	18
17124	918
26934	877
31879	699
3969	71
668	811
32108	373
15220	572
18045	35
28982	6
630	923
5696	31
3257	123
17124	203
15097	60
23305	66
18810	120
18810	680
36686	171
4834	65
4834	25
264	39
25605	193
384	131
1247	896
109	179
20811	572
926	13
15315	73
6688	816
12573	75
2458	884
5270	786
27508	164
8001	71
2234	123
150	188
3083	179
8302	396
18045	186
13667	123
25220	160
16354	276
11947	71
495	117
14509	36
34467	386
938	219
3684	147
1752	846
33795	84
5539	65
1412	849
4503	19
2780	210
4503	88
13621	78
25707	88
10828	37
22147	100
26758	97
24399	179
5380	164
5380	11
4418	79
4418	12
27786	917
6400	918
27124	517
5223	879
36263	796
4379	23
5078	102
14786	100
36086	134
6	811
19073	26
27124	918
2151	75
30877	153
13162	643
1345	186
2226	123
33072	315
20778	918
12464	214
12464	172
12464	167
12464	171
12464	168
2319	507
21787	315
26758	310
3205	78
21014	97
20343	159
14978	23
27124	996
26900	620
22183	119
25840	102
25373	253
17124	32
340	811
7272	884
26758	62
25538	226
23478	0
16869	460
4687	131
15721	178
28876	48
5892	95
32108	139
27786	1010
27786	48
20778	77
20778	168
1644	396
7123	26
21216	917
10633	108
25524	219
1413	226
1413	282
16354	15
25161	192
37007	62
4267	100
23351	816
18184	162
27124	29
2647	918
1433	147
2654	241
34705	116
34705	90
5814	984
409	146
971	151
11388	24
2384	460
18916	186
1560	17
22739	20
25840	15
11070	882
23990	84
23990	31
4082	243
23478	200
11276	54
25808	89
31326	934
7679	2
31058	54
12392	29
987	811
12522	270
26758	288
5325	21
17503	234
125	508
34737	147
34737	71
1444	20
2700	274
2384	816
5657	84
23990	840
