3516	798
2493	327
3769	866
28833	816
9614	135
8137	739
22175	553
30199	306
2125	347
20778	846
34453	750
3206	7
13062	327
5620	312
22980	311
25222	137
30199	188
30199	12
2841	833
7899	939
20752	137
2841	669
20778	298
8137	886
5274	298
18387	886
5696	288
30877	149
1054	149
6105	998
15220	968
6105	150
23478	268
15220	754
35417	295
25718	25
30877	4
28873	831
16043	819
2125	787
3417	180
21787	779
3969	957
2841	689
22980	286
20778	922
6869	934
22980	30
21787	765
22739	938
30797	327
2817	244
6053	866
3154	260
8244	154
20343	761
1388	66
30797	141
3592	887
270	948
8914	866
16532	796
270	1005
14605	59
7048	373
26934	887
2826	938
12124	249
8914	83
6742	83
26460	969
32907	809
30797	969
16532	986
18337	283
1945	25
11338	806
30429	196
11208	197
16532	881
17392	931
7447	311
10338	36
27960	36
8646	880
1345	880
33108	730
26934	15
7447	686
8646	620
17124	905
17124	788
1604	23
16532	770
32907	940
22739	666
15220	317
30009	253
29355	958
16532	803
7048	726
17124	893
22280	127
17124	836
2143	407
270	928
12124	846
26934	263
8274	263
14427	580
11730	846
460	1011
31985	21
3592	878
18337	845
8914	765
4524	614
3389	878
34194	831
2143	770
14786	864
2563	150
5570	165
3389	887
13329	846
392	253
18916	248
3404	243
5274	133
7133	968
2370	887
26460	61
32020	817
8724	252
5168	286
21085	765
9602	845
15220	213
7133	927
25808	833
12653	209
26934	980
2143	937
18916	739
2370	868
21216	83
11208	32
10514	986
25538	311
1701	25
2841	36
12791	750
25808	300
3319	928
1750	317
24162	276
21085	83
8646	311
19492	83
8001	311
9983	740
352	311
3319	880
27124	631
14469	726
1750	75
8646	845
18882	15
12791	845
26744	709
19492	935
8439	260
2655	271
36534	708
23063	123
18882	20
3319	686
18916	847
2790	227
32108	686
3319	678
18250	278
28458	736
3355	140
19492	974
4895	176
3417	796
384	787
33622	123
25964	963
8439	880
20949	937
22653	166
30797	880
20778	244
23064	220
20949	592
20949	84
3416	776
18916	353
4590	963
3080	1010
20949	427
16870	770
20725	340
20843	1011
7679	456
28566	298
20381	584
21787	652
2483	686
13023	22
30797	883
23789	260
3597	761
21014	14
16869	152
8001	969
2921	27
4429	19
2528	150
4429	832
7048	689
8899	241
27222	163
28566	18
33362	251
234	919
20778	919
33168	185
24664	816
26758	196
35664	905
12403	583
26758	98
23478	497
15198	928
23478	513
15198	168
28566	928
28566	880
6105	808
23852	572
21871	189
7048	993
21877	269
2934	880
20778	880
1060	883
28566	962
21877	277
27786	915
12403	642
352	4
19251	355
12403	978
32108	878
23351	373
5330	580
27124	4
24664	188
13616	171
384	878
32524	211
23478	25
9490	844
3506	277
7915	169
30429	314
14672	938
7272	965
9490	963
17357	753
30797	288
34194	973
34019	879
7272	754
17357	232
7995	974
2638	760
30429	251
32059	209
11792	598
32059	152
2941	937
32852	113
18916	581
1433	88
8345	140
14613	738
23351	4
3984	684
5742	286
34019	887
297	761
2291	17
32059	180
24041	120
13326	284
26934	922
28876	293
12922	152
24268	965
32978	28
22062	753
14786	180
9547	846
3154	26
2447	615
5696	742
1042	162
7875	161
5696	327
7875	25
31708	123
21216	100
18348	288
36924	758
36924	4
4501	265
36924	801
13901	178
13602	75
12907	880
6786	928
36304	178
32907	929
1036	282
24242	251
6105	213
21216	148
26934	266
9470	666
352	131
28665	638
1245	23
21085	754
30797	2
11295	251
3366	378
8602	60
25990	271
10308	378
24399	314
7272	928
24399	974
12124	776
3366	934
34019	39
974	254
18695	100
34906	881
7545	129
26460	894
9060	908
29406	761
1788	806
1444	880
8143	745
8027	910
7545	48
1573	157
30547	268
1616	935
1573	883
3205	759
1875	152
13137	96
21787	284
32907	883
1573	957
36194	50
2528	853
3995	866
2347	804
1789	754
14765	209
17548	69
1243	230
4590	120
21787	763
15178	19
34834	60
5108	63
35200	767
26882	979
10749	247
11076	45
10192	769
27960	54
4820	157
34834	127
11076	273
22812	181
29437	912
21708	326
35200	583
35200	752
26692	879
36288	853
14773	758
21708	116
36422	178
34834	972
22884	195
24430	288
12468	293
4590	434
2388	254
23990	222
20949	108
7826	25
20949	110
31879	775
33574	326
20949	167
33574	850
18916	309
9345	979
31184	36
18916	168
24245	286
4988	899
11568	201
14205	672
14205	939
24574	939
19942	282
4930	327
4823	62
4930	96
5453	427
26758	750
25116	928
4951	768
1530	26
19942	328
10245	293
4648	724
2181	13
8979	568
18916	580
9427	934
3205	719
11076	1010
32020	299
18916	199
18916	452
13026	223
5595	159
10065	714
8553	861
10065	639
11076	209
3205	4
12215	790
18916	278
11361	846
33592	19
30087	10
4984	240
3073	25
26705	918
7266	177
15406	131
4895	65
384	677
1079	754
15406	487
17451	929
32837	250
35501	861
2991	225
15557	689
15406	477
7644	928
2204	708
13162	689
15406	642
2335	254
4590	929
30162	761
23652	33
22183	1010
5933	230
35417	162
4895	23
22183	730
35417	880
31353	583
23990	37
4222	881
4561	121
23990	777
35417	180
1689	143
1689	875
30162	298
5933	754
1026	928
2528	934
18834	251
22183	857
19251	56
35250	273
401	880
1278	146
4240	863
25985	99
4295	212
27124	58
12911	100
26862	25
4280	754
31549	754
4240	866
30227	310
7048	937
5477	132
4924	584
18916	831
1962	293
23181	769
5477	272
2855	750
4259	929
27295	119
22147	805
3470	974
4304	868
7595	211
10338	981
10338	996
31584	254
19251	988
20633	276
2528	846
560	936
352	55
3592	48
14613	278
4793	168
4319	846
6568	689
4198	211
11208	85
23681	161
606	909
25314	169
15094	188
32059	240
7272	33
4038	429
4038	243
18498	845
606	581
4628	817
2493	857
11658	807
28502	25
31584	796
28502	96
13450	312
606	534
14226	213
8954	40
7272	137
4052	118
31444	761
4590	244
878	148
2685	754
317	761
8880	209
3080	768
19540	911
11443	940
11159	923
2483	784
8880	817
31871	58
11126	36
11976	154
22280	120
36077	143
22590	759
21478	373
999	765
8400	866
1680	22
27810	314
3902	314
1680	20
32108	750
5274	79
36424	995
2545	19
21216	698
23789	918
22183	787
24217	666
25837	796
23478	805
13062	147
30032	926
733	644
2018	203
2018	168
8244	861
8244	962
19108	66
13062	146
8244	170
2018	60
5274	146
6472	937
12573	819
733	214
1614	863
2018	52
13062	53
5853	18
31763	220
22723	20
27159	995
26744	907
6301	923
5281	583
26758	159
28799	988
5745	777
32020	836
22723	372
2749	726
26758	250
2780	113
6301	666
23478	766
28876	102
6341	984
7906	298
5281	652
30901	187
2082	962
26934	242
2683	943
31763	156
8784	116
4168	178
16641	246
18916	937
19009	129
18665	73
27124	288
28520	15
9029	66
405	253
578	754
2991	66
18916	787
7826	123
36216	805
2545	460
21877	226
15220	1011
17236	899
29496	452
28520	18
14675	126
8274	25
29694	328
24399	143
34194	241
29789	907
18916	146
5553	861
290	237
929	802
22213	896
12124	793
13165	885
821	223
16668	66
4895	450
10332	790
20885	244
2153	324
4379	979
12124	319
23351	347
1195	79
821	754
13165	188
20933	188
14357	934
15992	956
17124	45
2552	253
14715	40
22739	1010
10662	918
1050	132
25116	189
7679	891
36099	230
6269	807
29440	223
547	845
11531	434
23992	249
19649	620
4966	693
21014	910
19649	149
19649	754
14715	503
1050	885
22803	184
10527	196
10338	770
19649	922
19649	161
21216	90
19251	937
2033	967
19251	845
4604	686
17124	173
8143	96
33446	709
33343	853
13249	135
13249	896
17124	866
18709	20
13162	817
17046	199
35575	25
13249	961
13162	273
8143	992
13405	168
17981	107
26816	152
3877	57
17124	773
18709	272
33343	259
14436	871
18250	234
4604	19
17124	998
11658	760
29541	311
32907	103
18641	866
18184	777
10245	385
18641	241
36362	298
8015	129
332	758
26816	249
1781	460
25949	499
22280	620
18641	19
1523	4
36263	60
18114	213
1345	293
29706	996
2610	131
27872	917
5368	528
28623	260
18514	66
31879	254
1345	26
9124	109
30429	754
3885	48
26692	896
21787	77
1345	831
28623	831
25840	832
4108	754
34525	769
13405	193
8646	850
5047	926
26460	928
1794	42
14509	754
1093	301
14978	935
12915	172
34194	40
16327	919
26049	228
15924	907
19692	750
36263	153
11208	866
2817	765
2934	962
674	979
5722	23
1794	47
32862	832
34194	823
2934	696
3291	101
5047	787
25510	968
3817	52
16354	25
19251	881
28439	140
18916	666
20286	28
1940	936
21419	13
30429	75
36597	908
20286	273
27786	836
20286	527
24574	659
15159	1010
26386	929
3768	846
4767	208
14509	1011
26736	929
4767	55
1070	592
7272	923
4001	90
5060	907
31448	934
5443	57
13575	99
32654	881
4895	836
12171	680
3384	937
31134	667
21468	61
25768	253
21790	965
34147	760
14	169
8646	171
3481	161
25116	313
8143	755
4108	698
31448	298
16389	214
2064	167
36933	184
3481	832
9728	120
352	984
2493	883
22682	282
21877	764
269	883
10909	752
5239	831
30277	172
15782	811
32862	891
19251	883
5239	26
27030	328
269	940
34194	56
8143	244
29948	620
4855	23
31879	278
8143	130
2649	225
22676	120
31879	847
26758	244
7447	148
31879	991
36534	456
36534	520
8841	347
18412	8
19251	63
11644	761
20343	754
32108	689
4304	239
36534	701
6786	252
7447	846
2649	623
27417	282
32108	993
12089	84
21398	322
19251	376
13801	101
28261	90
12124	61
816	765
11822	326
27484	845
17223	162
976	214
28566	157
35288	168
31879	151
15331	196
560	769
4139	816
19251	754
27484	311
31879	79
33696	14
352	884
4098	665
17530	96
4736	179
11201	808
27688	752
11947	44
1306	123
32108	1010
31879	143
1003	168
27124	136
7888	150
17689	866
26758	170
27251	620
21680	460
3046	891
26758	996
3437	996
3247	858
32108	44
3346	796
3587	984
18200	846
30429	207
30741	368
8143	666
22739	108
2143	184
24807	345
20017	15
15698	15
25808	237
318	978
14863	118
11588	10
19555	220
32108	979
1701	416
18527	128
595	156
267	767
26758	754
13162	754
4590	153
4930	60
7447	353
11556	123
25247	918
1750	918
35576	123
26003	147
4930	95
2654	962
32059	910
1247	238
22881	53
21216	947
33840	947
4980	147
16792	273
7272	48
10245	276
28876	396
15698	899
7272	54
14786	137
2826	928
1689	817
4038	52
25315	293
1273	214
9515	911
15568	883
2483	109
1860	918
2826	19
4038	754
11642	123
2654	123
33910	80
3481	100
2284	248
8646	846
12907	276
7899	9
18016	898
12907	23
29369	754
18016	510
18016	441
7679	199
16860	252
10888	802
3847	667
5274	831
36307	123
6522	123
3301	792
22798	142
33124	787
2514	988
15464	584
3301	57
23349	85
297	146
3301	154
10460	59
28566	882
10460	70
560	209
2442	25
2082	135
30405	709
10460	863
27124	498
5477	938
13162	254
3827	957
15198	162
4113	293
352	754
33501	120
15220	237
21787	79
10460	961
26743	293
21332	866
196	229
8646	265
12925	123
2493	928
196	282
2392	775
7440	666
2392	823
20254	252
32433	831
33431	807
24691	929
4799	253
33431	938
196	188
12374	908
31879	1
5274	918
15220	929
22807	120
35043	25
4530	250
35704	846
2402	230
1730	168
18916	756
3392	452
2605	1001
4789	147
20038	177
16085	709
8914	2
4530	153
21787	762
3392	754
4789	853
1236	477
22807	995
696	70
18834	995
25956	144
25757	315
18239	199
21787	581
26139	922
18916	101
2451	452
12914	246
15472	15
733	244
13062	322
1545	120
2483	9
4400	19
23782	888
2528	19
8158	140
28876	244
34952	70
5339	59
31571	223
3065	123
14509	153
7679	241
2884	3
23478	120
7272	184
819	848
32020	864
34737	962
15150	19
35417	143
34737	175
2204	30
21787	58
15458	298
15220	144
35417	155
17124	875
987	996
10086	1010
15150	100
21758	241
15220	230
22312	340
6833	608
3676	754
34737	244
23351	159
5070	995
1670	55
18834	237
6833	89
15150	28
17124	126
35417	258
22312	609
15150	272
27124	311
35058	48
27124	416
7826	12
7272	172
2780	796
32108	150
8244	162
8489	120
36094	120
12791	52
14509	460
3259	814
595	941
527	915
12328	47
18916	277
8914	963
33709	249
10828	10
14509	1007
3707	181
28407	866
3124	119
5494	147
4105	69
28180	277
16354	918
10976	247
7679	19
2795	167
18269	165
21216	720
1546	169
5045	1006
297	266
2790	100
31075	1010
4648	84
2907	276
524	857
3524	973
24890	230
2876	1
34527	959
34527	954
3038	512
30797	853
2368	254
12791	254
793	922
27124	286
21607	168
10959	58
22798	620
7899	216
201	32
878	907
34493	992
2926	100
3205	181
31075	918
3205	116
7726	231
7899	309
16869	247
5084	926
4427	213
3355	181
2700	322
3205	241
7899	938
1992	241
2496	934
15220	979
34493	806
4079	237
2493	787
1992	162
31879	937
4978	805
3080	974
14446	264
36094	510
31879	251
3080	972
4094	770
23990	47
4800	988
261	866
36912	84
5690	891
5690	527
3019	173
36263	282
1345	25
2876	314
11947	962
2841	795
2841	150
22218	219
2458	100
673	123
550	918
18250	53
18250	146
36075	120
36075	918
8646	268
16869	104
16869	27
8646	698
3933	30
13441	230
878	44
3806	280
3806	375
1002	730
3719	19
31448	891
35489	147
14436	936
34194	907
29980	118
29980	680
13134	1006
15571	77
3412	26
5874	846
2664	254
2664	796
4590	313
18916	138
3991	117
28520	929
545	754
24706	710
14261	296
1750	143
3186	754
167	149
22902	37
5691	1001
26692	300
6742	71
10021	848
18184	1006
4655	884
10976	223
1317	181
2354	727
35417	816
20778	211
1705	165
36263	25
18916	311
18916	846
32108	891
16176	396
29210	258
30429	937
30429	846
22183	729
14786	66
22723	912
23478	56
23478	13
23478	15
800	956
3844	123
3355	517
21085	282
36243	452
28407	966
28407	905
6379	120
5374	672
1995	9
6439	1010
12403	883
12403	868
23789	775
20778	765
10959	244
10959	40
23478	163
8769	247
8769	282
6869	899
6869	219
6869	10
6869	962
26401	96
26401	823
26401	322
26401	805
3985	698
4842	864
3336	996
20409	957
2173	288
8143	272
8143	779
5625	845
653	530
161	99
11970	107
2826	620
25808	513
3442	826
7679	40
4651	796
1345	61
4651	928
3205	849
19251	108
19251	922
19251	761
24399	102
2029	100
3491	118
15220	452
14978	775
2100	861
23990	733
21216	315
30797	104
17548	16
27124	77
8826	864
26328	255
26328	243
33313	48
13776	988
21216	247
21216	310
3736	315
1291	988
2780	66
2745	149
2745	110
437	250
6949	962
3378	314
24217	39
24217	97
26049	59
2121	273
37141	460
23351	179
23351	696
14509	830
2683	126
26035	56
17124	143
1121	642
1121	483
22183	99
22183	680
22183	43
22183	18
30429	167
1860	289
320	170
24996	929
24996	542
23213	298
5232	816
2164	984
5557	823
1050	883
25152	39
8287	313
439	237
15198	140
34194	144
32108	638
32108	353
34194	143
4108	23
4590	253
31199	61
3933	251
4645	353
34493	675
34493	26
34493	54
3377	796
30765	28
31845	123
33942	848
33942	315
26049	124
26049	53
26049	96
26049	175
1770	313
24518	60
2780	184
26758	151
26758	144
733	96
1905	48
2068	787
1905	22
12573	884
32108	996
35784	530
35784	527
30612	761
2647	43
2033	871
1939	850
2143	871
4494	861
4494	293
5080	312
22661	375
14978	816
31851	96
31851	105
4479	849
4479	768
4479	881
4479	143
3603	177
4822	250
5738	328
1431	878
1697	911
1775	396
4229	230
23789	300
32108	969
32108	831
9914	244
2979	952
1689	1010
29369	69
5590	686
15220	109
15220	105
4683	4
5130	899
5130	120
32907	100
18301	151
21216	935
17124	1005
17124	948
28833	153
32020	168
32020	111
32020	929
6625	235
3322	956
2817	254
5388	123
5475	113
5393	334
569	227
10717	328
14095	120
31879	47
11076	161
31879	168
2298	787
17124	177
5882	219
3871	242
15220	15
18336	75
3846	212
23838	4
26049	643
3186	8
17548	864
17548	120
3078	179
1249	311
7679	212
4818	396
1689	355
21419	230
19251	1010
8353	48
7272	59
25808	850
25718	48
2392	928
2392	271
33244	179
2885	237
2885	791
2885	696
4085	154
12894	69
30797	979
2934	155
2934	95
2934	876
2934	151
23882	321
841	187
102	64
32108	123
2338	138
34175	225
26049	760
18916	273
18916	689
4839	178
2255	925
1444	228
1444	508
4108	218
4108	326
12522	751
20811	35
2143	41
1273	123
19602	965
19602	214
18916	120
30929	225
2597	910
2760	1006
2670	885
781	57
36752	288
30488	319
633	928
2154	419
2	254
3745	199
26460	460
35232	875
13690	167
1223	116
875	322
2528	65
3840	444
3840	199
3840	286
1074	930
1268	228
16115	53
33918	957
3534	761
18810	988
18810	123
11167	797
4453	14
5332	918
5726	328
5726	923
5720	133
638	918
10633	219
10852	19
21085	779
7048	247
375	119
3658	103
18916	144
18916	266
2143	246
2143	774
1373	756
4167	219
3579	918
20343	295
20343	15
17223	979
3058	164
4552	756
17627	843
550	47
550	106
2855	754
2221	280
1992	214
1992	154
1485	362
5686	147
14714	227
14696	144
1854	125
2530	811
4018	846
363	298
1411	220
922	922
1592	708
18547	246
35100	193
4590	816
5182	0
1292	584
36263	926
2654	265
14095	984
4079	866
28183	981
11785	816
3103	754
3103	95
12338	918
16896	13
16896	119
12351	7
1794	249
1794	664
10976	965
4590	159
34493	154
34493	864
27960	239
24169	273
24169	237
28566	56
28450	246
2305	144
2608	159
463	241
11208	113
3840	419
21787	44
3985	153
1001	162
1613	299
2720	118
4673	56
1718	66
36041	9
5578	607
1350	271
11167	100
22311	324
21216	378
24268	1006
5535	761
16869	160
34493	857
1666	237
12403	315
12403	16
23478	253
23201	155
13145	123
1033	395
3475	647
10236	66
4789	416
5592	910
23197	280
4823	40
8646	100
11208	871
2929	298
648	899
3355	857
27124	244
27124	105
27124	908
10909	121
2654	58
2817	58
8064	61
2384	327
4805	2
2758	12
12124	643
4353	230
3479	174
31464	805
7272	888
22183	181
3769	808
30797	60
9162	8
30082	259
7899	268
34194	25
980	643
36533	151
2654	315
3205	48
34493	58
8051	59
27834	154
4587	268
4679	65
560	272
2215	123
373	237
1	48
12150	1006
3805	66
759	96
14714	876
2984	680
31615	298
31615	154
310	396
3401	78
12522	69
12522	324
24153	928
3322	759
24153	251
17940	52
7679	53
31763	273
2855	181
2493	20
24956	19
129	174
16290	25
2984	761
36900	992
2991	32
4141	66
22639	98
10976	972
18709	109
3364	41
30429	646
30429	432
30429	65
5261	645
26460	168
17223	242
7206	265
10462	796
15220	9
15220	43
15220	163
15220	816
1253	168
5578	178
22579	396
6920	937
3719	286
2954	253
3547	923
10752	251
10752	298
1177	237
34493	265
4052	608
4052	84
20343	90
440	18
24991	44
1273	647
27786	929
18250	922
10970	850
14786	110
19251	171
155	225
19251	151
4206	314
8909	709
2934	60
2934	162
102	123
4129	12
2029	85
27769	8
27769	61
26692	230
33072	18
33072	58
13667	321
33320	199
21703	11
10763	190
26737	60
8001	60
8001	52
2855	896
2855	845
3201	154
560	857
208	225
4499	326
4499	188
4499	12
2402	984
5773	56
3450	288
20949	105
32108	79
20949	220
4889	996
18916	861
18916	240
32108	995
1243	258
4844	313
2647	268
23789	266
23789	990
26556	189
14509	218
14509	21
14509	659
32059	1003
4862	934
3672	237
20778	845
3428	251
10976	218
3575	286
802	77
22807	242
31242	55
3024	238
4894	101
12124	54
12124	159
26386	104
26386	298
18337	1
5522	129
26692	272
13548	163
167	765
8462	830
18834	71
18834	138
18834	116
3495	87
3495	30
3495	756
1845	181
4579	567
4479	2
25098	26
25098	914
5388	750
24879	0
24879	225
3847	218
33451	113
3169	163
2164	775
4532	10
937	324
1470	26
3124	54
5617	181
3547	26
11091	37
11091	63
16358	975
1663	131
337	102
36500	148
3259	846
32059	823
1151	4
1151	8
572	282
36263	266
36263	151
36263	55
2780	48
2777	368
19251	251
2777	416
896	120
1677	452
1677	816
28876	242
1677	194
1677	69
1677	922
1677	731
3547	324
2124	177
3486	4
24399	58
24399	53
4990	230
17124	27
10633	71
10633	527
5624	178
27730	203
5486	816
309	698
509	253
1596	857
4560	153
4664	16
5377	225
21216	104
3217	178
929	163
4283	131
777	128
2826	131
13988	286
10376	761
36994	398
837	31
837	23
837	83
36534	79
352	98
3217	85
3217	162
17981	273
1470	48
17981	239
3547	131
3217	151
2480	167
1789	18
1789	244
3217	31
1192	313
1192	175
3566	170
1789	36
2451	758
630	110
3486	850
21412	313
21412	148
4249	883
5203	129
19454	268
3029	140
5310	314
3855	120
17548	129
4962	42
129	107
4670	975
26909	18
7679	184
13716	153
4106	177
11456	168
19	24
19	746
1831	163
3701	242
32573	544
3513	167
1390	787
661	100
20949	151
20949	63
576	123
560	298
1443	368
1443	138
1402	213
2629	788
5454	268
2685	69
5204	31
4079	193
3125	608
1948	934
460	230
33943	44
5763	857
235	59
16431	170
4080	131
4229	273
4007	790
4924	178
31358	100
30797	36
30797	163
30797	977
13136	796
4930	178
4296	784
4296	840
2417	84
20343	113
5151	816
3131	698
344	643
3131	857
1598	299
2725	0
26049	220
1845	876
429	527
3926	181
3217	101
2143	882
29204	884
3873	450
3873	666
3840	846
3840	311
3840	178
5678	178
4756	147
32907	89
32907	271
359	16
1290	326
3548	845
16684	240
5274	78
3078	56
15571	20
3900	398
3719	965
15601	324
3407	210
69	59
2418	250
2589	866
935	647
5015	18
15571	99
306	254
16498	910
632	253
5804	796
834	196
3475	59
4209	52
3770	956
4299	823
4955	99
2422	857
3463	929
936	35
15150	95
15150	186
120	530
5259	133
15150	53
15150	79
32018	250
1166	530
15150	214
3527	87
15150	167
4767	120
15150	139
4407	53
373	131
2992	123
392	120
4097	276
68	227
4967	816
27834	962
2412	710
2337	225
3217	929
4925	13
2102	210
971	211
2493	109
507	689
440	273
2514	69
4380	225
14161	138
4538	846
3144	27
33359	87
1188	230
4542	875
2693	1
7967	78
1394	250
1188	120
5727	96
3736	322
5802	250
27926	313
4417	378
2143	787
2332	12
1444	268
4276	258
1596	100
520	62
12934	2
2685	892
2492	47
1685	211
4924	43
16354	929
2197	100
2924	416
2528	213
2924	1001
35390	269
5845	99
8914	96
2480	53
1496	286
1493	396
998	212
699	857
4385	9
2316	22
3855	219
4561	179
2458	805
1245	750
163	1
4082	0
1845	58
23351	21
1845	298
2876	254
2065	25
841	144
4440	230
460	75
129	26
4627	0
2636	816
790	9
2636	53
1705	823
1168	184
4384	850
4384	63
4447	79
4889	163
28502	161
26035	43
1391	87
129	63
1771	79
384	54
1946	299
4299	48
4299	54
22147	63
28295	326
30041	128
25808	211
630	244
22147	154
118	219
4767	761
4672	947
3634	90
3634	368
3909	39
26380	314
2485	237
943	850
1637	129
4847	225
3661	147
30405	884
699	1013
5487	11
14978	226
3205	18
3205	84
1115	170
714	98
1115	326
4005	266
26758	218
4005	956
4005	2
4005	668
4005	300
4005	302
4005	475
3537	35
4005	639
5297	39
5297	31
5297	71
3790	898
3790	227
4173	83
798	42
26083	144
26083	962
26083	990
26083	878
18916	140
4930	154
2956	43
3557	140
3205	61
3271	253
4895	66
927	19
683	760
1446	527
2703	996
32108	857
32108	8
2017	289
18916	293
1941	328
2926	4
2064	54
3203	146
109	14
21441	322
21441	939
24976	66
20018	934
4850	379
2817	572
777	96
470	18
2033	239
12068	84
1345	936
3847	230
4945	120
1779	395
2683	188
4149	147
2410	298
630	100
2751	168
2629	70
2751	786
1779	192
1482	273
1482	168
1944	25
35482	12
2911	823
4789	947
632	96
632	53
3871	298
354	823
5256	130
2548	178
15571	170
34350	995
929	117
813	100
19861	850
1887	124
2623	212
4779	106
1311	181
36887	18
2733	495
5693	592
4392	19
2756	326
894	322
3871	116
7826	588
5477	845
3852	218
32059	175
34493	321
1988	121
7272	508
2458	146
2458	968
2458	136
32108	220
1988	1010
14509	871
14509	14
2945	22
2355	189
2194	250
3493	975
18184	272
18184	56
18184	669
31597	87
32058	16
4063	191
2224	113
4063	884
7272	44
4063	99
4063	19
4063	241
4063	181
28520	298
10111	995
4483	213
1470	396
3933	188
1689	114
31643	181
33905	811
632	65
632	159
1245	64
532	69
3840	62
3840	71
1964	297
3840	140
3840	112
3769	184
11658	923
2683	675
2683	510
11091	128
3933	282
3933	117
3933	314
3671	811
1874	99
27834	131
27834	152
27834	209
2155	997
2155	980
4146	36
5203	612
2380	123
13667	120
36378	996
1821	26
32108	314
30797	18
36263	100
35704	108
35704	289
35704	203
3287	229
297	14
3145	254
4491	19
32907	250
20409	116
2932	372
2705	123
2143	18
2143	880
1280	26
1280	328
3162	995
420	153
637	159
24399	471
637	37
25162	69
5680	168
4628	71
14672	301
5678	866
5678	247
2978	947
22386	866
4799	444
4278	187
7679	123
2663	157
646	268
5741	250
3980	45
3980	87
3980	315
3980	54
3980	153
1335	934
1335	1010
1335	120
3188	759
3188	754
3188	934
3188	328
4063	39
1378	77
26460	830
4960	865
4960	150
3680	508
1104	666
153	832
1104	947
24399	787
33108	11
9397	159
30797	273
30797	498
19971	876
11575	96
11575	60
4924	759
11575	52
11575	95
4930	296
31464	324
31464	146
223	508
26049	226
26049	754
18709	864
24976	193
5370	251
13837	230
1915	315
23789	179
5006	147
34906	199
34906	286
1444	934
18916	268
18916	360
3823	606
4407	328
550	52
550	95
550	96
1245	105
8244	314
21935	845
21935	852
31464	187
10909	847
23990	25
6742	36
31202	250
18337	811
927	240
1301	915
9168	984
